Dynamical matrix file
--                                                                         
  1    2  2 10.2083039  0.0000000  0.0000000  0.0000000  0.0000000  0.0000000
           1  'Si  '    25598.822984527003     
    1    1      0.0000000000      0.0000000000      0.0000000000
    2    1     -0.2500000000      0.2500000000      0.2500000000

     Dynamical  Matrix in cartesian axes

     q = (    0.666666667  -0.333333333   1.000000000 ) 

    1    1
  0.24926376  0.00000000   -0.00760220  0.00000000    0.00000000 -0.00109573
 -0.00760220  0.00000000    0.29257149  0.00000000    0.00000000  0.01423239
  0.00000000  0.00109573    0.00000000 -0.01423239    0.26313931  0.00000000
    1    2
 -0.00000000  0.10404824   -0.00000000  0.07506741    0.13898430 -0.00000000
 -0.00000000  0.07506741    0.00000000  0.11036243   -0.04513422 -0.00000000
  0.13898430 -0.00000000   -0.04513422  0.00000000    0.00000000  0.11215745
    2    1
 -0.00000000 -0.10404824   -0.00000000 -0.07506741    0.13898430  0.00000000
 -0.00000000 -0.07506741   -0.00000000 -0.11036243   -0.04513422 -0.00000000
  0.13898430  0.00000000   -0.04513422 -0.00000000    0.00000000 -0.11215745
    2    2
  0.24926376  0.00000000   -0.00760220  0.00000000    0.00000000  0.00109573
 -0.00760220  0.00000000    0.29257149  0.00000000    0.00000000 -0.01423239
  0.00000000 -0.00109573    0.00000000  0.01423239    0.26313931  0.00000000

     Dynamical  Matrix in cartesian axes

     q = (    1.000000000   0.333333333   0.666666667 ) 

    1    1
  0.26313931  0.00000000    0.00000000 -0.01423239    0.00000000 -0.00109573
  0.00000000  0.01423239    0.29257149  0.00000000    0.00760220 -0.00000000
  0.00000000  0.00109573    0.00760220  0.00000000    0.24926376  0.00000000
    1    2
  0.00000000 -0.11215745    0.04513422  0.00000000    0.13898430  0.00000000
  0.04513422  0.00000000    0.00000000 -0.11036243    0.00000000  0.07506741
  0.13898430  0.00000000    0.00000000  0.07506741   -0.00000000 -0.10404824
    2    1
  0.00000000  0.11215745    0.04513422  0.00000000    0.13898430 -0.00000000
  0.04513422  0.00000000    0.00000000  0.11036243    0.00000000 -0.07506741
  0.13898430 -0.00000000    0.00000000 -0.07506741   -0.00000000  0.10404824
    2    2
  0.26313931  0.00000000    0.00000000  0.01423239    0.00000000  0.00109573
  0.00000000 -0.01423239    0.29257149  0.00000000    0.00760220  0.00000000
  0.00000000 -0.00109573    0.00760220  0.00000000    0.24926376  0.00000000

     Dynamical  Matrix in cartesian axes

     q = (    0.666666667   0.333333333   1.000000000 ) 

    1    1
  0.24926376  0.00000000    0.00760220  0.00000000    0.00000000  0.00109573
  0.00760220  0.00000000    0.29257149  0.00000000    0.00000000  0.01423239
  0.00000000 -0.00109573    0.00000000 -0.01423239    0.26313931  0.00000000
    1    2
 -0.09010842 -0.05202412    0.06501028  0.03753370    0.06949215 -0.12036394
  0.06501028  0.03753370   -0.09557667 -0.05518122    0.02256711 -0.03908738
  0.06949215 -0.12036394    0.02256711 -0.03908738   -0.09713120 -0.05607872
    2    1
 -0.09010842  0.05202412    0.06501028 -0.03753370    0.06949215  0.12036394
  0.06501028 -0.03753370   -0.09557667  0.05518122    0.02256711  0.03908738
  0.06949215  0.12036394    0.02256711  0.03908738   -0.09713120  0.05607872
    2    2
  0.24926376  0.00000000    0.00760220  0.00000000    0.00000000 -0.00109573
  0.00760220  0.00000000    0.29257149  0.00000000    0.00000000 -0.01423239
  0.00000000  0.00109573    0.00000000  0.01423239    0.26313931  0.00000000

     Dynamical  Matrix in cartesian axes

     q = (   -1.000000000  -0.333333333   0.666666667 ) 

    1    1
  0.26313931  0.00000000    0.00000000 -0.01423239    0.00000000  0.00109573
  0.00000000  0.01423239    0.29257149  0.00000000   -0.00760220  0.00000000
  0.00000000 -0.00109573   -0.00760220  0.00000000    0.24926376  0.00000000
    1    2
 -0.09713120  0.05607872   -0.02256711 -0.03908738    0.06949215  0.12036394
 -0.02256711 -0.03908738   -0.09557667  0.05518122   -0.06501028  0.03753370
  0.06949215  0.12036394   -0.06501028  0.03753370   -0.09010842  0.05202412
    2    1
 -0.09713120 -0.05607872   -0.02256711  0.03908738    0.06949215 -0.12036394
 -0.02256711  0.03908738   -0.09557667 -0.05518122   -0.06501028 -0.03753370
  0.06949215 -0.12036394   -0.06501028 -0.03753370   -0.09010842 -0.05202412
    2    2
  0.26313931  0.00000000    0.00000000  0.01423239    0.00000000 -0.00109573
  0.00000000 -0.01423239    0.29257149  0.00000000   -0.00760220  0.00000000
  0.00000000  0.00109573   -0.00760220  0.00000000    0.24926376  0.00000000

     Dynamical  Matrix in cartesian axes

     q = (   -1.000000000  -0.333333333  -0.666666667 ) 

    1    1
  0.26313931  0.00000000    0.00000000  0.01423239    0.00000000  0.00109573
  0.00000000 -0.01423239    0.29257149  0.00000000    0.00760220  0.00000000
  0.00000000 -0.00109573    0.00760220  0.00000000    0.24926376  0.00000000
    1    2
  0.00000000  0.11215745    0.04513422  0.00000000    0.13898430 -0.00000000
  0.04513422  0.00000000    0.00000000  0.11036243    0.00000000 -0.07506741
  0.13898430 -0.00000000    0.00000000 -0.07506741   -0.00000000  0.10404824
    2    1
  0.00000000 -0.11215745    0.04513422  0.00000000    0.13898430  0.00000000
  0.04513422  0.00000000    0.00000000 -0.11036243    0.00000000  0.07506741
  0.13898430  0.00000000    0.00000000  0.07506741   -0.00000000 -0.10404824
    2    2
  0.26313931  0.00000000    0.00000000 -0.01423239    0.00000000 -0.00109573
  0.00000000  0.01423239    0.29257149  0.00000000    0.00760220 -0.00000000
  0.00000000  0.00109573    0.00760220  0.00000000    0.24926376  0.00000000

     Dynamical  Matrix in cartesian axes

     q = (   -0.666666667  -0.333333333  -1.000000000 ) 

    1    1
  0.24926376  0.00000000    0.00760220  0.00000000    0.00000000 -0.00109573
  0.00760220  0.00000000    0.29257149  0.00000000    0.00000000 -0.01423239
  0.00000000  0.00109573    0.00000000  0.01423239    0.26313931  0.00000000
    1    2
 -0.09010842  0.05202412    0.06501028 -0.03753370    0.06949215  0.12036394
  0.06501028 -0.03753370   -0.09557667  0.05518122    0.02256711  0.03908738
  0.06949215  0.12036394    0.02256711  0.03908738   -0.09713120  0.05607872
    2    1
 -0.09010842 -0.05202412    0.06501028  0.03753370    0.06949215 -0.12036394
  0.06501028  0.03753370   -0.09557667 -0.05518122    0.02256711 -0.03908738
  0.06949215 -0.12036394    0.02256711 -0.03908738   -0.09713120 -0.05607872
    2    2
  0.24926376  0.00000000    0.00760220  0.00000000    0.00000000  0.00109573
  0.00760220  0.00000000    0.29257149  0.00000000    0.00000000  0.01423239
  0.00000000 -0.00109573    0.00000000 -0.01423239    0.26313931  0.00000000

     Dynamical  Matrix in cartesian axes

     q = (    1.000000000   0.333333333  -0.666666667 ) 

    1    1
  0.26313931  0.00000000    0.00000000  0.01423239    0.00000000 -0.00109573
  0.00000000 -0.01423239    0.29257149  0.00000000   -0.00760220  0.00000000
  0.00000000  0.00109573   -0.00760220  0.00000000    0.24926376  0.00000000
    1    2
 -0.09713120 -0.05607872   -0.02256711  0.03908738    0.06949215 -0.12036394
 -0.02256711  0.03908738   -0.09557667 -0.05518122   -0.06501028 -0.03753370
  0.06949215 -0.12036394   -0.06501028 -0.03753370   -0.09010842 -0.05202412
    2    1
 -0.09713120  0.05607872   -0.02256711 -0.03908738    0.06949215  0.12036394
 -0.02256711 -0.03908738   -0.09557667  0.05518122   -0.06501028  0.03753370
  0.06949215  0.12036394   -0.06501028  0.03753370   -0.09010842  0.05202412
    2    2
  0.26313931  0.00000000    0.00000000 -0.01423239    0.00000000  0.00109573
  0.00000000  0.01423239    0.29257149  0.00000000   -0.00760220  0.00000000
  0.00000000 -0.00109573   -0.00760220  0.00000000    0.24926376  0.00000000

     Dynamical  Matrix in cartesian axes

     q = (   -0.666666667   0.333333333   1.000000000 ) 

    1    1
  0.24926376  0.00000000   -0.00760220  0.00000000    0.00000000  0.00109573
 -0.00760220  0.00000000    0.29257149  0.00000000    0.00000000 -0.01423239
  0.00000000 -0.00109573    0.00000000  0.01423239    0.26313931  0.00000000
    1    2
 -0.00000000 -0.10404824   -0.00000000 -0.07506741    0.13898430  0.00000000
 -0.00000000 -0.07506741   -0.00000000 -0.11036243   -0.04513422 -0.00000000
  0.13898430  0.00000000   -0.04513422 -0.00000000    0.00000000 -0.11215745
    2    1
 -0.00000000  0.10404824   -0.00000000  0.07506741    0.13898430 -0.00000000
 -0.00000000  0.07506741    0.00000000  0.11036243   -0.04513422 -0.00000000
  0.13898430 -0.00000000   -0.04513422  0.00000000    0.00000000  0.11215745
    2    2
  0.24926376  0.00000000   -0.00760220  0.00000000    0.00000000 -0.00109573
 -0.00760220  0.00000000    0.29257149  0.00000000    0.00000000  0.01423239
  0.00000000  0.00109573    0.00000000 -0.01423239    0.26313931  0.00000000

     Dynamical  Matrix in cartesian axes

     q = (   -0.333333333   1.000000000   0.666666667 ) 

    1    1
  0.29257149  0.00000000    0.00000000  0.01423239   -0.00760220  0.00000000
  0.00000000 -0.01423239    0.26313931  0.00000000    0.00000000  0.00109573
 -0.00760220  0.00000000    0.00000000 -0.00109573    0.24926376  0.00000000
    1    2
  0.00000000 -0.11036243    0.04513422  0.00000000   -0.00000000 -0.07506741
  0.04513422  0.00000000    0.00000000 -0.11215745   -0.13898430  0.00000000
  0.00000000 -0.07506741   -0.13898430 -0.00000000   -0.00000000 -0.10404824
    2    1
  0.00000000  0.11036243    0.04513422  0.00000000   -0.00000000  0.07506741
  0.04513422 -0.00000000    0.00000000  0.11215745   -0.13898430  0.00000000
  0.00000000  0.07506741   -0.13898430  0.00000000   -0.00000000  0.10404824
    2    2
  0.29257149  0.00000000    0.00000000 -0.01423239   -0.00760220  0.00000000
  0.00000000  0.01423239    0.26313931  0.00000000    0.00000000 -0.00109573
 -0.00760220  0.00000000    0.00000000  0.00109573    0.24926376  0.00000000

     Dynamical  Matrix in cartesian axes

     q = (    0.333333333   1.000000000  -0.666666667 ) 

    1    1
  0.29257149  0.00000000    0.00000000 -0.01423239   -0.00760220  0.00000000
  0.00000000  0.01423239    0.26313931  0.00000000    0.00000000 -0.00109573
 -0.00760220  0.00000000    0.00000000  0.00109573    0.24926376  0.00000000
    1    2
  0.00000000  0.11036243    0.04513422  0.00000000   -0.00000000  0.07506741
  0.04513422 -0.00000000    0.00000000  0.11215745   -0.13898430  0.00000000
  0.00000000  0.07506741   -0.13898430  0.00000000   -0.00000000  0.10404824
    2    1
  0.00000000 -0.11036243    0.04513422  0.00000000   -0.00000000 -0.07506741
  0.04513422  0.00000000    0.00000000 -0.11215745   -0.13898430  0.00000000
  0.00000000 -0.07506741   -0.13898430 -0.00000000   -0.00000000 -0.10404824
    2    2
  0.29257149  0.00000000    0.00000000  0.01423239   -0.00760220  0.00000000
  0.00000000 -0.01423239    0.26313931  0.00000000    0.00000000  0.00109573
 -0.00760220  0.00000000    0.00000000 -0.00109573    0.24926376  0.00000000

     Dynamical  Matrix in cartesian axes

     q = (   -0.333333333  -1.000000000  -0.666666667 ) 

    1    1
  0.29257149  0.00000000    0.00000000 -0.01423239    0.00760220  0.00000000
  0.00000000  0.01423239    0.26313931  0.00000000    0.00000000  0.00109573
  0.00760220  0.00000000    0.00000000 -0.00109573    0.24926376  0.00000000
    1    2
 -0.09557667 -0.05518122   -0.02256711  0.03908738    0.06501028  0.03753370
 -0.02256711  0.03908738   -0.09713120 -0.05607872   -0.06949215  0.12036394
  0.06501028  0.03753370   -0.06949215  0.12036394   -0.09010842 -0.05202412
    2    1
 -0.09557667  0.05518122   -0.02256711 -0.03908738    0.06501028 -0.03753370
 -0.02256711 -0.03908738   -0.09713120  0.05607872   -0.06949215 -0.12036394
  0.06501028 -0.03753370   -0.06949215 -0.12036394   -0.09010842  0.05202412
    2    2
  0.29257149  0.00000000    0.00000000  0.01423239    0.00760220  0.00000000
  0.00000000 -0.01423239    0.26313931  0.00000000    0.00000000 -0.00109573
  0.00760220  0.00000000    0.00000000  0.00109573    0.24926376  0.00000000

     Dynamical  Matrix in cartesian axes

     q = (    1.000000000  -0.666666667   0.333333333 ) 

    1    1
  0.26313931  0.00000000    0.00000000 -0.00109573    0.00000000  0.01423239
  0.00000000  0.00109573    0.24926376  0.00000000   -0.00760220  0.00000000
  0.00000000 -0.01423239   -0.00760220  0.00000000    0.29257149  0.00000000
    1    2
 -0.09713120 -0.05607872    0.06949215 -0.12036394   -0.02256711  0.03908738
  0.06949215 -0.12036394   -0.09010842 -0.05202412   -0.06501028 -0.03753370
 -0.02256711  0.03908738   -0.06501028 -0.03753370   -0.09557667 -0.05518122
    2    1
 -0.09713120  0.05607872    0.06949215  0.12036394   -0.02256711 -0.03908738
  0.06949215  0.12036394   -0.09010842  0.05202412   -0.06501028  0.03753370
 -0.02256711 -0.03908738   -0.06501028  0.03753370   -0.09557667  0.05518122
    2    2
  0.26313931  0.00000000    0.00000000  0.00109573    0.00000000 -0.01423239
  0.00000000 -0.00109573    0.24926376  0.00000000   -0.00760220  0.00000000
  0.00000000  0.01423239   -0.00760220  0.00000000    0.29257149  0.00000000

     Dynamical  Matrix in cartesian axes

     q = (    1.000000000   0.666666667  -0.333333333 ) 

    1    1
  0.26313931  0.00000000    0.00000000  0.00109573    0.00000000 -0.01423239
  0.00000000 -0.00109573    0.24926376  0.00000000   -0.00760220  0.00000000
  0.00000000  0.01423239   -0.00760220  0.00000000    0.29257149  0.00000000
    1    2
 -0.09713120  0.05607872    0.06949215  0.12036394   -0.02256711 -0.03908738
  0.06949215  0.12036394   -0.09010842  0.05202412   -0.06501028  0.03753370
 -0.02256711 -0.03908738   -0.06501028  0.03753370   -0.09557667  0.05518122
    2    1
 -0.09713120 -0.05607872    0.06949215 -0.12036394   -0.02256711  0.03908738
  0.06949215 -0.12036394   -0.09010842 -0.05202412   -0.06501028 -0.03753370
 -0.02256711  0.03908738   -0.06501028 -0.03753370   -0.09557667 -0.05518122
    2    2
  0.26313931  0.00000000    0.00000000 -0.00109573    0.00000000  0.01423239
  0.00000000  0.00109573    0.24926376  0.00000000   -0.00760220  0.00000000
  0.00000000 -0.01423239   -0.00760220  0.00000000    0.29257149  0.00000000

     Dynamical  Matrix in cartesian axes

     q = (   -0.333333333   0.666666667  -1.000000000 ) 

    1    1
  0.29257149  0.00000000   -0.00760220  0.00000000    0.00000000  0.01423239
 -0.00760220  0.00000000    0.24926376  0.00000000    0.00000000 -0.00109573
  0.00000000 -0.01423239    0.00000000  0.00109573    0.26313931  0.00000000
    1    2
  0.00000000 -0.11036243    0.00000000 -0.07506741    0.04513422  0.00000000
 -0.00000000 -0.07506741    0.00000000 -0.10404824   -0.13898430 -0.00000000
  0.04513422  0.00000000   -0.13898430 -0.00000000    0.00000000 -0.11215745
    2    1
  0.00000000  0.11036243    0.00000000  0.07506741    0.04513422  0.00000000
 -0.00000000  0.07506741    0.00000000  0.10404824   -0.13898430  0.00000000
  0.04513422 -0.00000000   -0.13898430  0.00000000    0.00000000  0.11215745
    2    2
  0.29257149  0.00000000   -0.00760220  0.00000000    0.00000000 -0.01423239
 -0.00760220  0.00000000    0.24926376  0.00000000    0.00000000  0.00109573
  0.00000000  0.01423239    0.00000000 -0.00109573    0.26313931  0.00000000

     Dynamical  Matrix in cartesian axes

     q = (   -1.000000000  -0.666666667  -0.333333333 ) 

    1    1
  0.26313931  0.00000000    0.00000000  0.00109573    0.00000000  0.01423239
  0.00000000 -0.00109573    0.24926376  0.00000000    0.00760220  0.00000000
  0.00000000 -0.01423239    0.00760220 -0.00000000    0.29257149  0.00000000
    1    2
  0.00000000  0.11215745    0.13898430 -0.00000000    0.04513422 -0.00000000
  0.13898430 -0.00000000    0.00000000  0.10404824   -0.00000000 -0.07506741
  0.04513422 -0.00000000    0.00000000 -0.07506741    0.00000000  0.11036243
    2    1
  0.00000000 -0.11215745    0.13898430  0.00000000    0.04513422  0.00000000
  0.13898430  0.00000000    0.00000000 -0.10404824   -0.00000000  0.07506741
  0.04513422  0.00000000   -0.00000000  0.07506741    0.00000000 -0.11036243
    2    2
  0.26313931  0.00000000    0.00000000 -0.00109573    0.00000000 -0.01423239
  0.00000000  0.00109573    0.24926376  0.00000000    0.00760220  0.00000000
  0.00000000  0.01423239    0.00760220  0.00000000    0.29257149  0.00000000

     Dynamical  Matrix in cartesian axes

     q = (   -1.000000000   0.666666667   0.333333333 ) 

    1    1
  0.26313931  0.00000000    0.00000000 -0.00109573    0.00000000 -0.01423239
  0.00000000  0.00109573    0.24926376  0.00000000    0.00760220  0.00000000
  0.00000000  0.01423239    0.00760220  0.00000000    0.29257149  0.00000000
    1    2
  0.00000000 -0.11215745    0.13898430  0.00000000    0.04513422  0.00000000
  0.13898430  0.00000000    0.00000000 -0.10404824    0.00000000  0.07506741
  0.04513422 -0.00000000    0.00000000  0.07506741    0.00000000 -0.11036243
    2    1
  0.00000000  0.11215745    0.13898430 -0.00000000    0.04513422 -0.00000000
  0.13898430 -0.00000000    0.00000000  0.10404824    0.00000000 -0.07506741
  0.04513422  0.00000000    0.00000000 -0.07506741    0.00000000  0.11036243
    2    2
  0.26313931  0.00000000    0.00000000  0.00109573    0.00000000  0.01423239
  0.00000000 -0.00109573    0.24926376  0.00000000    0.00760220  0.00000000
  0.00000000 -0.01423239    0.00760220 -0.00000000    0.29257149  0.00000000

     Dynamical  Matrix in cartesian axes

     q = (    0.333333333  -0.666666667   1.000000000 ) 

    1    1
  0.29257149  0.00000000   -0.00760220  0.00000000    0.00000000 -0.01423239
 -0.00760220  0.00000000    0.24926376  0.00000000    0.00000000  0.00109573
  0.00000000  0.01423239    0.00000000 -0.00109573    0.26313931  0.00000000
    1    2
  0.00000000  0.11036243    0.00000000  0.07506741    0.04513422  0.00000000
 -0.00000000  0.07506741    0.00000000  0.10404824   -0.13898430  0.00000000
  0.04513422 -0.00000000   -0.13898430  0.00000000    0.00000000  0.11215745
    2    1
  0.00000000 -0.11036243    0.00000000 -0.07506741    0.04513422  0.00000000
 -0.00000000 -0.07506741    0.00000000 -0.10404824   -0.13898430 -0.00000000
  0.04513422  0.00000000   -0.13898430 -0.00000000    0.00000000 -0.11215745
    2    2
  0.29257149  0.00000000   -0.00760220  0.00000000    0.00000000  0.01423239
 -0.00760220  0.00000000    0.24926376  0.00000000    0.00000000 -0.00109573
  0.00000000 -0.01423239    0.00000000  0.00109573    0.26313931  0.00000000

     Dynamical  Matrix in cartesian axes

     q = (    0.333333333  -1.000000000   0.666666667 ) 

    1    1
  0.29257149  0.00000000    0.00000000  0.01423239    0.00760220  0.00000000
  0.00000000 -0.01423239    0.26313931  0.00000000    0.00000000 -0.00109573
  0.00760220  0.00000000    0.00000000  0.00109573    0.24926376  0.00000000
    1    2
 -0.09557667  0.05518122   -0.02256711 -0.03908738    0.06501028 -0.03753370
 -0.02256711 -0.03908738   -0.09713120  0.05607872   -0.06949215 -0.12036394
  0.06501028 -0.03753370   -0.06949215 -0.12036394   -0.09010842  0.05202412
    2    1
 -0.09557667 -0.05518122   -0.02256711  0.03908738    0.06501028  0.03753370
 -0.02256711  0.03908738   -0.09713120 -0.05607872   -0.06949215  0.12036394
  0.06501028  0.03753370   -0.06949215  0.12036394   -0.09010842 -0.05202412
    2    2
  0.29257149  0.00000000    0.00000000 -0.01423239    0.00760220  0.00000000
  0.00000000  0.01423239    0.26313931  0.00000000    0.00000000  0.00109573
  0.00760220  0.00000000    0.00000000 -0.00109573    0.24926376  0.00000000

     Dynamical  Matrix in cartesian axes

     q = (    0.666666667  -1.000000000   0.333333333 ) 

    1    1
  0.24926376  0.00000000    0.00000000  0.00109573    0.00760220  0.00000000
  0.00000000 -0.00109573    0.26313931  0.00000000    0.00000000 -0.01423239
  0.00760220  0.00000000    0.00000000  0.01423239    0.29257149  0.00000000
    1    2
 -0.09010842 -0.05202412    0.06949215 -0.12036394    0.06501028  0.03753370
  0.06949215 -0.12036394   -0.09713120 -0.05607872    0.02256711 -0.03908738
  0.06501028  0.03753370    0.02256711 -0.03908738   -0.09557667 -0.05518122
    2    1
 -0.09010842  0.05202412    0.06949215  0.12036394    0.06501028 -0.03753370
  0.06949215  0.12036394   -0.09713120  0.05607872    0.02256711  0.03908738
  0.06501028 -0.03753370    0.02256711  0.03908738   -0.09557667  0.05518122
    2    2
  0.24926376  0.00000000    0.00000000 -0.00109573    0.00760220  0.00000000
  0.00000000  0.00109573    0.26313931  0.00000000    0.00000000  0.01423239
  0.00760220  0.00000000    0.00000000 -0.01423239    0.29257149  0.00000000

     Dynamical  Matrix in cartesian axes

     q = (    0.333333333   0.666666667   1.000000000 ) 

    1    1
  0.29257149  0.00000000    0.00760220  0.00000000    0.00000000  0.01423239
  0.00760220  0.00000000    0.24926376  0.00000000    0.00000000  0.00109573
  0.00000000 -0.01423239    0.00000000 -0.00109573    0.26313931  0.00000000
    1    2
 -0.09557667  0.05518122    0.06501028 -0.03753370   -0.02256711 -0.03908738
  0.06501028 -0.03753370   -0.09010842  0.05202412   -0.06949215 -0.12036394
 -0.02256711 -0.03908738   -0.06949215 -0.12036394   -0.09713120  0.05607872
    2    1
 -0.09557667 -0.05518122    0.06501028  0.03753370   -0.02256711  0.03908738
  0.06501028  0.03753370   -0.09010842 -0.05202412   -0.06949215  0.12036394
 -0.02256711  0.03908738   -0.06949215  0.12036394   -0.09713120 -0.05607872
    2    2
  0.29257149  0.00000000    0.00760220  0.00000000    0.00000000 -0.01423239
  0.00760220  0.00000000    0.24926376  0.00000000    0.00000000 -0.00109573
  0.00000000  0.01423239    0.00000000  0.00109573    0.26313931  0.00000000

     Dynamical  Matrix in cartesian axes

     q = (   -0.333333333  -0.666666667  -1.000000000 ) 

    1    1
  0.29257149  0.00000000    0.00760220  0.00000000    0.00000000 -0.01423239
  0.00760220  0.00000000    0.24926376  0.00000000    0.00000000 -0.00109573
  0.00000000  0.01423239    0.00000000  0.00109573    0.26313931  0.00000000
    1    2
 -0.09557667 -0.05518122    0.06501028  0.03753370   -0.02256711  0.03908738
  0.06501028  0.03753370   -0.09010842 -0.05202412   -0.06949215  0.12036394
 -0.02256711  0.03908738   -0.06949215  0.12036394   -0.09713120 -0.05607872
    2    1
 -0.09557667  0.05518122    0.06501028 -0.03753370   -0.02256711 -0.03908738
  0.06501028 -0.03753370   -0.09010842  0.05202412   -0.06949215 -0.12036394
 -0.02256711 -0.03908738   -0.06949215 -0.12036394   -0.09713120  0.05607872
    2    2
  0.29257149  0.00000000    0.00760220  0.00000000    0.00000000  0.01423239
  0.00760220  0.00000000    0.24926376  0.00000000    0.00000000  0.00109573
  0.00000000 -0.01423239    0.00000000 -0.00109573    0.26313931  0.00000000

     Dynamical  Matrix in cartesian axes

     q = (   -0.666666667  -1.000000000   0.333333333 ) 

    1    1
  0.24926376  0.00000000    0.00000000  0.00109573   -0.00760220  0.00000000
  0.00000000 -0.00109573    0.26313931  0.00000000    0.00000000  0.01423239
 -0.00760220  0.00000000    0.00000000 -0.01423239    0.29257149  0.00000000
    1    2
  0.00000000 -0.10404824    0.13898430  0.00000000    0.00000000 -0.07506741
  0.13898430  0.00000000    0.00000000 -0.11215745   -0.04513422 -0.00000000
  0.00000000 -0.07506741   -0.04513422 -0.00000000    0.00000000 -0.11036243
    2    1
  0.00000000  0.10404824    0.13898430 -0.00000000    0.00000000  0.07506741
  0.13898430 -0.00000000    0.00000000  0.11215745   -0.04513422  0.00000000
  0.00000000  0.07506741   -0.04513422  0.00000000    0.00000000  0.11036243
    2    2
  0.24926376  0.00000000    0.00000000 -0.00109573   -0.00760220  0.00000000
  0.00000000  0.00109573    0.26313931  0.00000000    0.00000000 -0.01423239
 -0.00760220  0.00000000    0.00000000  0.01423239    0.29257149  0.00000000

     Dynamical  Matrix in cartesian axes

     q = (    0.666666667   1.000000000  -0.333333333 ) 

    1    1
  0.24926376  0.00000000    0.00000000 -0.00109573   -0.00760220  0.00000000
  0.00000000  0.00109573    0.26313931  0.00000000    0.00000000 -0.01423239
 -0.00760220  0.00000000    0.00000000  0.01423239    0.29257149  0.00000000
    1    2
  0.00000000  0.10404824    0.13898430 -0.00000000    0.00000000  0.07506741
  0.13898430 -0.00000000    0.00000000  0.11215745   -0.04513422  0.00000000
  0.00000000  0.07506741   -0.04513422  0.00000000    0.00000000  0.11036243
    2    1
  0.00000000 -0.10404824    0.13898430  0.00000000    0.00000000 -0.07506741
  0.13898430  0.00000000    0.00000000 -0.11215745   -0.04513422 -0.00000000
  0.00000000 -0.07506741   -0.04513422 -0.00000000    0.00000000 -0.11036243
    2    2
  0.24926376  0.00000000    0.00000000  0.00109573   -0.00760220  0.00000000
  0.00000000 -0.00109573    0.26313931  0.00000000    0.00000000  0.01423239
 -0.00760220  0.00000000    0.00000000 -0.01423239    0.29257149  0.00000000

     Dynamical  Matrix in cartesian axes

     q = (   -0.666666667  -1.000000000  -0.333333333 ) 

    1    1
  0.24926376  0.00000000    0.00000000 -0.00109573    0.00760220  0.00000000
  0.00000000  0.00109573    0.26313931  0.00000000    0.00000000  0.01423239
  0.00760220  0.00000000    0.00000000 -0.01423239    0.29257149  0.00000000
    1    2
 -0.09010842  0.05202412    0.06949215  0.12036394    0.06501028 -0.03753370
  0.06949215  0.12036394   -0.09713120  0.05607872    0.02256711  0.03908738
  0.06501028 -0.03753370    0.02256711  0.03908738   -0.09557667  0.05518122
    2    1
 -0.09010842 -0.05202412    0.06949215 -0.12036394    0.06501028  0.03753370
  0.06949215 -0.12036394   -0.09713120 -0.05607872    0.02256711 -0.03908738
  0.06501028  0.03753370    0.02256711 -0.03908738   -0.09557667 -0.05518122
    2    2
  0.24926376  0.00000000    0.00000000  0.00109573    0.00760220  0.00000000
  0.00000000 -0.00109573    0.26313931  0.00000000    0.00000000 -0.01423239
  0.00760220  0.00000000    0.00000000  0.01423239    0.29257149  0.00000000

     Diagonalizing the dynamical matrix

     q = (    0.666666667  -0.333333333   1.000000000 ) 

 **************************************************************************
     freq (    1) =       4.863318 [THz] =     162.222842 [cm-1]
 ( -0.605868  0.000000 -0.297748  0.000000  0.000000  0.210404 ) 
 ( -0.000000 -0.605868 -0.000000 -0.297748  0.210404  0.000000 ) 
     freq (    2) =       5.470860 [THz] =     182.488251 [cm-1]
 (  0.329021  0.000000 -0.123911  0.000000  0.000000  0.613507 ) 
 ( -0.000000 -0.329021 -0.000000  0.123911 -0.613507  0.000000 ) 
     freq (    3) =       8.652959 [THz] =     288.631640 [cm-1]
 ( -0.188166  0.000000  0.604892 -0.000000  0.000000  0.314164 ) 
 ( -0.000000 -0.188166 -0.000000  0.604892  0.314164  0.000000 ) 
     freq (    4) =      12.548119 [THz] =     418.560208 [cm-1]
 (  0.373591  0.000000 -0.517219  0.000000  0.000000 -0.304819 ) 
 (  0.000000 -0.373591  0.000000  0.517219  0.304819  0.000000 ) 
     freq (    5) =      14.006640 [THz] =     467.211223 [cm-1]
 (  0.502170 -0.000000  0.465973 -0.000000 -0.000000 -0.175199 ) 
 ( -0.000000 -0.502170 -0.000000 -0.465973  0.175199  0.000000 ) 
     freq (    6) =      14.091900 [THz] =     470.055202 [cm-1]
 (  0.312278  0.000000 -0.213194  0.000000  0.000000  0.597521 ) 
 (  0.000000  0.312278  0.000000 -0.213194  0.597521  0.000000 ) 
 **************************************************************************
