Dynamical matrix file
--                                                                         
  1    2  2 10.2083039  0.0000000  0.0000000  0.0000000  0.0000000  0.0000000
           1  'Si  '    25598.822984527003     
    1    1      0.0000000000      0.0000000000      0.0000000000
    2    1     -0.2500000000      0.2500000000      0.2500000000

     Dynamical  Matrix in cartesian axes

     q = (   -0.166666667   0.166666667  -0.166666667 ) 

    1    1
  0.27496805 -0.00000000   -0.00649946  0.00000000    0.00649946  0.00000000
 -0.00649946  0.00000000    0.27496805 -0.00000000   -0.00649946  0.00000000
  0.00649946 -0.00000000   -0.00649946  0.00000000    0.27496805  0.00000000
    1    2
 -0.23733107  0.05460110   -0.01855398 -0.03436101    0.01855398  0.03436101
 -0.01855398 -0.03436101   -0.23733107  0.05460110   -0.01855398 -0.03436101
  0.01855398  0.03436101   -0.01855398 -0.03436101   -0.23733107  0.05460110
    2    1
 -0.23733107 -0.05460110   -0.01855398  0.03436101    0.01855398 -0.03436101
 -0.01855398  0.03436101   -0.23733107 -0.05460110   -0.01855398  0.03436101
  0.01855398 -0.03436101   -0.01855398  0.03436101   -0.23733107 -0.05460110
    2    2
  0.27496805  0.00000000   -0.00649946 -0.00000000    0.00649946  0.00000000
 -0.00649946 -0.00000000    0.27496805  0.00000000   -0.00649946 -0.00000000
  0.00649946  0.00000000   -0.00649946 -0.00000000    0.27496805  0.00000000

     Dynamical  Matrix in cartesian axes

     q = (    0.166666667   0.166666667   0.166666667 ) 

    1    1
  0.27496805 -0.00000000    0.00649946 -0.00000000    0.00649946 -0.00000000
  0.00649946 -0.00000000    0.27496805 -0.00000000    0.00649946 -0.00000000
  0.00649946 -0.00000000    0.00649946 -0.00000000    0.27496805 -0.00000000
    1    2
 -0.23733107  0.05460110    0.01855398  0.03436101    0.01855398  0.03436101
  0.01855398  0.03436101   -0.23733107  0.05460110    0.01855398  0.03436101
  0.01855398  0.03436101    0.01855398  0.03436101   -0.23733107  0.05460110
    2    1
 -0.23733107 -0.05460110    0.01855398 -0.03436101    0.01855398 -0.03436101
  0.01855398 -0.03436101   -0.23733107 -0.05460110    0.01855398 -0.03436101
  0.01855398 -0.03436101    0.01855398 -0.03436101   -0.23733107 -0.05460110
    2    2
  0.27496805  0.00000000    0.00649946  0.00000000    0.00649946  0.00000000
  0.00649946  0.00000000    0.27496805  0.00000000    0.00649946  0.00000000
  0.00649946  0.00000000    0.00649946  0.00000000    0.27496805  0.00000000

     Dynamical  Matrix in cartesian axes

     q = (   -0.166666667  -0.166666667  -0.166666667 ) 

    1    1
  0.27496805  0.00000000    0.00649946  0.00000000    0.00649946  0.00000000
  0.00649946  0.00000000    0.27496805  0.00000000    0.00649946  0.00000000
  0.00649946  0.00000000    0.00649946  0.00000000    0.27496805  0.00000000
    1    2
 -0.23733107 -0.05460110    0.01855398 -0.03436101    0.01855398 -0.03436101
  0.01855398 -0.03436101   -0.23733107 -0.05460110    0.01855398 -0.03436101
  0.01855398 -0.03436101    0.01855398 -0.03436101   -0.23733107 -0.05460110
    2    1
 -0.23733107  0.05460110    0.01855398  0.03436101    0.01855398  0.03436101
  0.01855398  0.03436101   -0.23733107  0.05460110    0.01855398  0.03436101
  0.01855398  0.03436101    0.01855398  0.03436101   -0.23733107  0.05460110
    2    2
  0.27496805 -0.00000000    0.00649946 -0.00000000    0.00649946 -0.00000000
  0.00649946 -0.00000000    0.27496805 -0.00000000    0.00649946 -0.00000000
  0.00649946 -0.00000000    0.00649946 -0.00000000    0.27496805 -0.00000000

     Dynamical  Matrix in cartesian axes

     q = (    0.166666667  -0.166666667   0.166666667 ) 

    1    1
  0.27496805  0.00000000   -0.00649946 -0.00000000    0.00649946  0.00000000
 -0.00649946 -0.00000000    0.27496805  0.00000000   -0.00649946 -0.00000000
  0.00649946  0.00000000   -0.00649946 -0.00000000    0.27496805  0.00000000
    1    2
 -0.23733107 -0.05460110   -0.01855398  0.03436101    0.01855398 -0.03436101
 -0.01855398  0.03436101   -0.23733107 -0.05460110   -0.01855398  0.03436101
  0.01855398 -0.03436101   -0.01855398  0.03436101   -0.23733107 -0.05460110
    2    1
 -0.23733107  0.05460110   -0.01855398 -0.03436101    0.01855398  0.03436101
 -0.01855398 -0.03436101   -0.23733107  0.05460110   -0.01855398 -0.03436101
  0.01855398  0.03436101   -0.01855398 -0.03436101   -0.23733107  0.05460110
    2    2
  0.27496805 -0.00000000   -0.00649946  0.00000000    0.00649946 -0.00000000
 -0.00649946  0.00000000    0.27496805 -0.00000000   -0.00649946  0.00000000
  0.00649946 -0.00000000   -0.00649946  0.00000000    0.27496805 -0.00000000

     Dynamical  Matrix in cartesian axes

     q = (    0.166666667  -0.166666667  -0.166666667 ) 

    1    1
  0.27496805 -0.00000000   -0.00649946  0.00000000   -0.00649946  0.00000000
 -0.00649946  0.00000000    0.27496805 -0.00000000    0.00649946 -0.00000000
 -0.00649946  0.00000000    0.00649946 -0.00000000    0.27496805 -0.00000000
    1    2
 -0.16595148 -0.17823419    0.02048052 -0.03324872    0.02048052 -0.03324872
  0.02048052 -0.03324872   -0.16595148 -0.17823419   -0.02048052  0.03324872
  0.02048052 -0.03324872   -0.02048052  0.03324872   -0.16595148 -0.17823419
    2    1
 -0.16595148  0.17823419    0.02048052  0.03324872    0.02048052  0.03324872
  0.02048052  0.03324872   -0.16595148  0.17823419   -0.02048052 -0.03324872
  0.02048052  0.03324872   -0.02048052 -0.03324872   -0.16595148  0.17823419
    2    2
  0.27496805  0.00000000   -0.00649946 -0.00000000   -0.00649946 -0.00000000
 -0.00649946 -0.00000000    0.27496805  0.00000000    0.00649946  0.00000000
 -0.00649946 -0.00000000    0.00649946  0.00000000    0.27496805  0.00000000

     Dynamical  Matrix in cartesian axes

     q = (    0.166666667   0.166666667  -0.166666667 ) 

    1    1
  0.27496805  0.00000000    0.00649946  0.00000000   -0.00649946 -0.00000000
  0.00649946  0.00000000    0.27496805  0.00000000   -0.00649946 -0.00000000
 -0.00649946 -0.00000000   -0.00649946 -0.00000000    0.27496805  0.00000000
    1    2
 -0.23733107 -0.05460110    0.01855398 -0.03436101   -0.01855398  0.03436101
  0.01855398 -0.03436101   -0.23733107 -0.05460110   -0.01855398  0.03436101
 -0.01855398  0.03436101   -0.01855398  0.03436101   -0.23733107 -0.05460110
    2    1
 -0.23733107  0.05460110    0.01855398  0.03436101   -0.01855398 -0.03436101
  0.01855398  0.03436101   -0.23733107  0.05460110   -0.01855398 -0.03436101
 -0.01855398 -0.03436101   -0.01855398 -0.03436101   -0.23733107  0.05460110
    2    2
  0.27496805 -0.00000000    0.00649946 -0.00000000   -0.00649946  0.00000000
  0.00649946 -0.00000000    0.27496805 -0.00000000   -0.00649946  0.00000000
 -0.00649946  0.00000000   -0.00649946  0.00000000    0.27496805 -0.00000000

     Dynamical  Matrix in cartesian axes

     q = (   -0.166666667  -0.166666667   0.166666667 ) 

    1    1
  0.27496805 -0.00000000    0.00649946 -0.00000000   -0.00649946  0.00000000
  0.00649946 -0.00000000    0.27496805 -0.00000000   -0.00649946  0.00000000
 -0.00649946  0.00000000   -0.00649946  0.00000000    0.27496805 -0.00000000
    1    2
 -0.23733107  0.05460110    0.01855398  0.03436101   -0.01855398 -0.03436101
  0.01855398  0.03436101   -0.23733107  0.05460110   -0.01855398 -0.03436101
 -0.01855398 -0.03436101   -0.01855398 -0.03436101   -0.23733107  0.05460110
    2    1
 -0.23733107 -0.05460110    0.01855398 -0.03436101   -0.01855398  0.03436101
  0.01855398 -0.03436101   -0.23733107 -0.05460110   -0.01855398  0.03436101
 -0.01855398  0.03436101   -0.01855398  0.03436101   -0.23733107 -0.05460110
    2    2
  0.27496805  0.00000000    0.00649946  0.00000000   -0.00649946 -0.00000000
  0.00649946  0.00000000    0.27496805  0.00000000   -0.00649946 -0.00000000
 -0.00649946 -0.00000000   -0.00649946 -0.00000000    0.27496805  0.00000000

     Dynamical  Matrix in cartesian axes

     q = (   -0.166666667   0.166666667   0.166666667 ) 

    1    1
  0.27496805  0.00000000   -0.00649946 -0.00000000   -0.00649946 -0.00000000
 -0.00649946 -0.00000000    0.27496805  0.00000000    0.00649946  0.00000000
 -0.00649946 -0.00000000    0.00649946  0.00000000    0.27496805  0.00000000
    1    2
 -0.16595148  0.17823419    0.02048052  0.03324872    0.02048052  0.03324872
  0.02048052  0.03324872   -0.16595148  0.17823419   -0.02048052 -0.03324872
  0.02048052  0.03324872   -0.02048052 -0.03324872   -0.16595148  0.17823419
    2    1
 -0.16595148 -0.17823419    0.02048052 -0.03324872    0.02048052 -0.03324872
  0.02048052 -0.03324872   -0.16595148 -0.17823419   -0.02048052  0.03324872
  0.02048052 -0.03324872   -0.02048052  0.03324872   -0.16595148 -0.17823419
    2    2
  0.27496805 -0.00000000   -0.00649946  0.00000000   -0.00649946  0.00000000
 -0.00649946  0.00000000    0.27496805 -0.00000000    0.00649946 -0.00000000
 -0.00649946  0.00000000    0.00649946 -0.00000000    0.27496805 -0.00000000

     Diagonalizing the dynamical matrix

     q = (   -0.166666667   0.166666667  -0.166666667 ) 

 **************************************************************************
     freq (    1) =       2.232118 [THz] =      74.455426 [cm-1]
 (  0.512927  0.074360  0.048920  0.111062 -0.464006  0.036702 ) 
 (  0.505466  0.114574  0.040010  0.114574 -0.465456  0.000000 ) 
     freq (    2) =       2.232118 [THz] =      74.455426 [cm-1]
 (  0.212526  0.139797  0.553053  0.112862  0.340527 -0.026935 ) 
 (  0.200841  0.156120  0.542432  0.156120  0.341591  0.000000 ) 
     freq (    3) =       4.725319 [THz] =     157.619659 [cm-1]
 (  0.347604 -0.214099 -0.347604  0.214099  0.347604 -0.214099 ) 
 (  0.408248  0.000000 -0.408248 -0.000000  0.408248 -0.000000 ) 
     freq (    4) =      14.871902 [THz] =     496.073267 [cm-1]
 ( -0.347604  0.214099  0.347604 -0.214099 -0.347604  0.214099 ) 
 (  0.408248 -0.000000 -0.408248 -0.000000  0.408248 -0.000000 ) 
     freq (    5) =      14.900742 [THz] =     497.035269 [cm-1]
 ( -0.275967 -0.143437 -0.556309 -0.121263 -0.280342  0.022175 ) 
 (  0.263798  0.164751  0.545015  0.164751  0.281218  0.000000 ) 
     freq (    6) =      14.900742 [THz] =     497.035269 [cm-1]
 ( -0.483417 -0.053934  0.019245 -0.093693  0.502662 -0.039760 ) 
 (  0.477659  0.091884 -0.026573  0.091884 -0.504232  0.000000 ) 
 **************************************************************************
