Dynamical matrix file
--                                                                         
  1    2  2 10.2083039  0.0000000  0.0000000  0.0000000  0.0000000  0.0000000
           1  'Si  '    25598.822984527003     
    1    1      0.0000000000      0.0000000000      0.0000000000
    2    1     -0.2500000000      0.2500000000      0.2500000000

     Dynamical  Matrix in cartesian axes

     q = (    0.666666667  -0.333333333   0.666666667 ) 

    1    1
  0.26331881  0.00000000   -0.01167862 -0.00788488    0.01069757  0.00000000
 -0.01167862  0.00788488    0.29233677  0.00000000   -0.01167862  0.00788488
  0.01069757  0.00000000   -0.01167862 -0.00788488    0.26331881  0.00000000
    1    2
 -0.09956372  0.05605685   -0.06920961  0.03706719    0.11660268  0.03458296
 -0.06920961  0.03706719   -0.11450466  0.05215642   -0.06920961  0.03706719
  0.11660268  0.03458296   -0.06920961  0.03706719   -0.09956372  0.05605685
    2    1
 -0.09956372 -0.05605685   -0.06920961 -0.03706719    0.11660268 -0.03458296
 -0.06920961 -0.03706719   -0.11450466 -0.05215642   -0.06920961 -0.03706719
  0.11660268 -0.03458296   -0.06920961 -0.03706719   -0.09956372 -0.05605685
    2    2
  0.26331881  0.00000000   -0.01167862  0.00788488    0.01069757  0.00000000
 -0.01167862 -0.00788488    0.29233677  0.00000000   -0.01167862 -0.00788488
  0.01069757  0.00000000   -0.01167862  0.00788488    0.26331881  0.00000000

     Dynamical  Matrix in cartesian axes

     q = (   -0.666666667  -0.333333333  -0.666666667 ) 

    1    1
  0.26331881  0.00000000    0.01167862  0.00788488    0.01069757  0.00000000
  0.01167862 -0.00788488    0.29233677  0.00000000    0.01167862 -0.00788488
  0.01069757  0.00000000    0.01167862  0.00788488    0.26331881  0.00000000
    1    2
 -0.09956372  0.05605685    0.06920961 -0.03706719    0.11660268  0.03458296
  0.06920961 -0.03706719   -0.11450466  0.05215642    0.06920961 -0.03706719
  0.11660268  0.03458296    0.06920961 -0.03706719   -0.09956372  0.05605685
    2    1
 -0.09956372 -0.05605685    0.06920961  0.03706719    0.11660268 -0.03458296
  0.06920961  0.03706719   -0.11450466 -0.05215642    0.06920961  0.03706719
  0.11660268 -0.03458296    0.06920961  0.03706719   -0.09956372 -0.05605685
    2    2
  0.26331881  0.00000000    0.01167862 -0.00788488    0.01069757  0.00000000
  0.01167862  0.00788488    0.29233677  0.00000000    0.01167862  0.00788488
  0.01069757  0.00000000    0.01167862 -0.00788488    0.26331881  0.00000000

     Dynamical  Matrix in cartesian axes

     q = (    0.666666667  -0.333333333  -0.666666667 ) 

    1    1
  0.26331881  0.00000000   -0.01167862  0.00788488   -0.01069757  0.00000000
 -0.01167862 -0.00788488    0.29233677  0.00000000    0.01167862  0.00788488
 -0.01069757  0.00000000    0.01167862 -0.00788488    0.26331881  0.00000000
    1    2
  0.09956372  0.05605685    0.06920961  0.03706719    0.11660268 -0.03458296
  0.06920961  0.03706719    0.11450466  0.05215642   -0.06920961 -0.03706719
  0.11660268 -0.03458296   -0.06920961 -0.03706719    0.09956372  0.05605685
    2    1
  0.09956372 -0.05605685    0.06920961 -0.03706719    0.11660268  0.03458296
  0.06920961 -0.03706719    0.11450466 -0.05215642   -0.06920961  0.03706719
  0.11660268  0.03458296   -0.06920961  0.03706719    0.09956372 -0.05605685
    2    2
  0.26331881  0.00000000   -0.01167862 -0.00788488   -0.01069757  0.00000000
 -0.01167862  0.00788488    0.29233677  0.00000000    0.01167862 -0.00788488
 -0.01069757  0.00000000    0.01167862  0.00788488    0.26331881  0.00000000

     Dynamical  Matrix in cartesian axes

     q = (   -0.666666667  -0.333333333   0.666666667 ) 

    1    1
  0.26331881  0.00000000    0.01167862 -0.00788488   -0.01069757  0.00000000
  0.01167862  0.00788488    0.29233677  0.00000000   -0.01167862 -0.00788488
 -0.01069757  0.00000000   -0.01167862  0.00788488    0.26331881  0.00000000
    1    2
 -0.09832852  0.05819629    0.06670594 -0.04140369   -0.02835162  0.11827236
  0.06670594 -0.04140369   -0.10242111  0.07308573   -0.06670594  0.04140369
 -0.02835162  0.11827236   -0.06670594  0.04140369   -0.09832852  0.05819629
    2    1
 -0.09832852 -0.05819629    0.06670594  0.04140369   -0.02835162 -0.11827236
  0.06670594  0.04140369   -0.10242111 -0.07308573   -0.06670594 -0.04140369
 -0.02835162 -0.11827236   -0.06670594 -0.04140369   -0.09832852 -0.05819629
    2    2
  0.26331881  0.00000000    0.01167862  0.00788488   -0.01069757  0.00000000
  0.01167862 -0.00788488    0.29233677  0.00000000   -0.01167862  0.00788488
 -0.01069757  0.00000000   -0.01167862 -0.00788488    0.26331881  0.00000000

     Dynamical  Matrix in cartesian axes

     q = (   -0.333333333   0.666666667  -0.666666667 ) 

    1    1
  0.29233677  0.00000000   -0.01167862 -0.00788488    0.01167862  0.00788488
 -0.01167862  0.00788488    0.26331881  0.00000000   -0.01069757  0.00000000
  0.01167862 -0.00788488   -0.01069757  0.00000000    0.26331881  0.00000000
    1    2
 -0.11450466 -0.05215642   -0.06920961 -0.03706719    0.06920961  0.03706719
 -0.06920961 -0.03706719   -0.09956372 -0.05605685   -0.11660268  0.03458296
  0.06920961  0.03706719   -0.11660268  0.03458296   -0.09956372 -0.05605685
    2    1
 -0.11450466  0.05215642   -0.06920961  0.03706719    0.06920961 -0.03706719
 -0.06920961  0.03706719   -0.09956372  0.05605685   -0.11660268 -0.03458296
  0.06920961 -0.03706719   -0.11660268 -0.03458296   -0.09956372  0.05605685
    2    2
  0.29233677  0.00000000   -0.01167862  0.00788488    0.01167862 -0.00788488
 -0.01167862 -0.00788488    0.26331881  0.00000000   -0.01069757  0.00000000
  0.01167862  0.00788488   -0.01069757  0.00000000    0.26331881  0.00000000

     Dynamical  Matrix in cartesian axes

     q = (   -0.666666667   0.666666667  -0.333333333 ) 

    1    1
  0.26331881  0.00000000   -0.01069757  0.00000000    0.01167862 -0.00788488
 -0.01069757  0.00000000    0.26331881  0.00000000   -0.01167862  0.00788488
  0.01167862  0.00788488   -0.01167862 -0.00788488    0.29233677  0.00000000
    1    2
 -0.09832852  0.05819629   -0.02835162  0.11827236    0.06670594 -0.04140369
 -0.02835162  0.11827236   -0.09832852  0.05819629   -0.06670594  0.04140369
  0.06670594 -0.04140369   -0.06670594  0.04140369   -0.10242111  0.07308573
    2    1
 -0.09832852 -0.05819629   -0.02835162 -0.11827236    0.06670594  0.04140369
 -0.02835162 -0.11827236   -0.09832852 -0.05819629   -0.06670594 -0.04140369
  0.06670594  0.04140369   -0.06670594 -0.04140369   -0.10242111 -0.07308573
    2    2
  0.26331881  0.00000000   -0.01069757  0.00000000    0.01167862  0.00788488
 -0.01069757  0.00000000    0.26331881  0.00000000   -0.01167862 -0.00788488
  0.01167862 -0.00788488   -0.01167862  0.00788488    0.29233677  0.00000000

     Dynamical  Matrix in cartesian axes

     q = (    0.666666667   0.333333333   0.666666667 ) 

    1    1
  0.26331881  0.00000000    0.01167862 -0.00788488    0.01069757  0.00000000
  0.01167862  0.00788488    0.29233677  0.00000000    0.01167862  0.00788488
  0.01069757  0.00000000    0.01167862 -0.00788488    0.26331881  0.00000000
    1    2
 -0.09956372 -0.05605685    0.06920961  0.03706719    0.11660268 -0.03458296
  0.06920961  0.03706719   -0.11450466 -0.05215642    0.06920961  0.03706719
  0.11660268 -0.03458296    0.06920961  0.03706719   -0.09956372 -0.05605685
    2    1
 -0.09956372  0.05605685    0.06920961 -0.03706719    0.11660268  0.03458296
  0.06920961 -0.03706719   -0.11450466  0.05215642    0.06920961 -0.03706719
  0.11660268  0.03458296    0.06920961 -0.03706719   -0.09956372  0.05605685
    2    2
  0.26331881  0.00000000    0.01167862  0.00788488    0.01069757  0.00000000
  0.01167862 -0.00788488    0.29233677  0.00000000    0.01167862 -0.00788488
  0.01069757  0.00000000    0.01167862  0.00788488    0.26331881  0.00000000

     Dynamical  Matrix in cartesian axes

     q = (   -0.666666667   0.333333333   0.666666667 ) 

    1    1
  0.26331881  0.00000000   -0.01167862 -0.00788488   -0.01069757  0.00000000
 -0.01167862  0.00788488    0.29233677  0.00000000    0.01167862 -0.00788488
 -0.01069757  0.00000000    0.01167862  0.00788488    0.26331881  0.00000000
    1    2
  0.09956372 -0.05605685    0.06920961 -0.03706719    0.11660268  0.03458296
  0.06920961 -0.03706719    0.11450466 -0.05215642   -0.06920961  0.03706719
  0.11660268  0.03458296   -0.06920961  0.03706719    0.09956372 -0.05605685
    2    1
  0.09956372  0.05605685    0.06920961  0.03706719    0.11660268 -0.03458296
  0.06920961  0.03706719    0.11450466  0.05215642   -0.06920961 -0.03706719
  0.11660268 -0.03458296   -0.06920961 -0.03706719    0.09956372  0.05605685
    2    2
  0.26331881  0.00000000   -0.01167862  0.00788488   -0.01069757  0.00000000
 -0.01167862 -0.00788488    0.29233677  0.00000000    0.01167862  0.00788488
 -0.01069757  0.00000000    0.01167862 -0.00788488    0.26331881  0.00000000

     Dynamical  Matrix in cartesian axes

     q = (    0.666666667   0.333333333  -0.666666667 ) 

    1    1
  0.26331881  0.00000000    0.01167862  0.00788488   -0.01069757  0.00000000
  0.01167862 -0.00788488    0.29233677  0.00000000   -0.01167862  0.00788488
 -0.01069757  0.00000000   -0.01167862 -0.00788488    0.26331881  0.00000000
    1    2
 -0.09832852 -0.05819629    0.06670594  0.04140369   -0.02835162 -0.11827236
  0.06670594  0.04140369   -0.10242111 -0.07308573   -0.06670594 -0.04140369
 -0.02835162 -0.11827236   -0.06670594 -0.04140369   -0.09832852 -0.05819629
    2    1
 -0.09832852  0.05819629    0.06670594 -0.04140369   -0.02835162  0.11827236
  0.06670594 -0.04140369   -0.10242111  0.07308573   -0.06670594  0.04140369
 -0.02835162  0.11827236   -0.06670594  0.04140369   -0.09832852  0.05819629
    2    2
  0.26331881  0.00000000    0.01167862 -0.00788488   -0.01069757  0.00000000
  0.01167862  0.00788488    0.29233677  0.00000000   -0.01167862 -0.00788488
 -0.01069757  0.00000000   -0.01167862  0.00788488    0.26331881  0.00000000

     Dynamical  Matrix in cartesian axes

     q = (   -0.333333333   0.666666667   0.666666667 ) 

    1    1
  0.29233677  0.00000000   -0.01167862  0.00788488   -0.01167862  0.00788488
 -0.01167862 -0.00788488    0.26331881  0.00000000    0.01069757  0.00000000
 -0.01167862 -0.00788488    0.01069757  0.00000000    0.26331881  0.00000000
    1    2
  0.11450466 -0.05215642    0.06920961 -0.03706719    0.06920961 -0.03706719
  0.06920961 -0.03706719    0.09956372 -0.05605685   -0.11660268 -0.03458296
  0.06920961 -0.03706719   -0.11660268 -0.03458296    0.09956372 -0.05605685
    2    1
  0.11450466  0.05215642    0.06920961  0.03706719    0.06920961  0.03706719
  0.06920961  0.03706719    0.09956372  0.05605685   -0.11660268  0.03458296
  0.06920961  0.03706719   -0.11660268  0.03458296    0.09956372  0.05605685
    2    2
  0.29233677  0.00000000   -0.01167862 -0.00788488   -0.01167862 -0.00788488
 -0.01167862  0.00788488    0.26331881  0.00000000    0.01069757  0.00000000
 -0.01167862  0.00788488    0.01069757  0.00000000    0.26331881  0.00000000

     Dynamical  Matrix in cartesian axes

     q = (    0.333333333   0.666666667  -0.666666667 ) 

    1    1
  0.29233677  0.00000000    0.01167862 -0.00788488   -0.01167862  0.00788488
  0.01167862  0.00788488    0.26331881  0.00000000   -0.01069757  0.00000000
 -0.01167862 -0.00788488   -0.01069757  0.00000000    0.26331881  0.00000000
    1    2
 -0.11450466  0.05215642    0.06920961 -0.03706719   -0.06920961  0.03706719
  0.06920961 -0.03706719   -0.09956372  0.05605685   -0.11660268 -0.03458296
 -0.06920961  0.03706719   -0.11660268 -0.03458296   -0.09956372  0.05605685
    2    1
 -0.11450466 -0.05215642    0.06920961  0.03706719   -0.06920961 -0.03706719
  0.06920961  0.03706719   -0.09956372 -0.05605685   -0.11660268  0.03458296
 -0.06920961 -0.03706719   -0.11660268  0.03458296   -0.09956372 -0.05605685
    2    2
  0.29233677  0.00000000    0.01167862  0.00788488   -0.01167862 -0.00788488
  0.01167862 -0.00788488    0.26331881  0.00000000   -0.01069757  0.00000000
 -0.01167862  0.00788488   -0.01069757  0.00000000    0.26331881  0.00000000

     Dynamical  Matrix in cartesian axes

     q = (   -0.333333333  -0.666666667  -0.666666667 ) 

    1    1
  0.29233677  0.00000000    0.01167862 -0.00788488    0.01167862 -0.00788488
  0.01167862  0.00788488    0.26331881  0.00000000    0.01069757  0.00000000
  0.01167862  0.00788488    0.01069757  0.00000000    0.26331881  0.00000000
    1    2
 -0.10242111 -0.07308573    0.06670594  0.04140369    0.06670594  0.04140369
  0.06670594  0.04140369   -0.09832852 -0.05819629    0.02835162  0.11827236
  0.06670594  0.04140369    0.02835162  0.11827236   -0.09832852 -0.05819629
    2    1
 -0.10242111  0.07308573    0.06670594 -0.04140369    0.06670594 -0.04140369
  0.06670594 -0.04140369   -0.09832852  0.05819629    0.02835162 -0.11827236
  0.06670594 -0.04140369    0.02835162 -0.11827236   -0.09832852  0.05819629
    2    2
  0.29233677  0.00000000    0.01167862  0.00788488    0.01167862  0.00788488
  0.01167862 -0.00788488    0.26331881  0.00000000    0.01069757  0.00000000
  0.01167862 -0.00788488    0.01069757  0.00000000    0.26331881  0.00000000

     Dynamical  Matrix in cartesian axes

     q = (    0.666666667  -0.666666667   0.333333333 ) 

    1    1
  0.26331881  0.00000000   -0.01069757  0.00000000    0.01167862  0.00788488
 -0.01069757  0.00000000    0.26331881  0.00000000   -0.01167862 -0.00788488
  0.01167862 -0.00788488   -0.01167862  0.00788488    0.29233677  0.00000000
    1    2
 -0.09832852 -0.05819629   -0.02835162 -0.11827236    0.06670594  0.04140369
 -0.02835162 -0.11827236   -0.09832852 -0.05819629   -0.06670594 -0.04140369
  0.06670594  0.04140369   -0.06670594 -0.04140369   -0.10242111 -0.07308573
    2    1
 -0.09832852  0.05819629   -0.02835162  0.11827236    0.06670594 -0.04140369
 -0.02835162  0.11827236   -0.09832852  0.05819629   -0.06670594  0.04140369
  0.06670594 -0.04140369   -0.06670594  0.04140369   -0.10242111  0.07308573
    2    2
  0.26331881  0.00000000   -0.01069757  0.00000000    0.01167862 -0.00788488
 -0.01069757  0.00000000    0.26331881  0.00000000   -0.01167862  0.00788488
  0.01167862  0.00788488   -0.01167862 -0.00788488    0.29233677  0.00000000

     Dynamical  Matrix in cartesian axes

     q = (    0.666666667   0.666666667  -0.333333333 ) 

    1    1
  0.26331881  0.00000000    0.01069757  0.00000000   -0.01167862 -0.00788488
  0.01069757  0.00000000    0.26331881  0.00000000   -0.01167862 -0.00788488
 -0.01167862  0.00788488   -0.01167862  0.00788488    0.29233677  0.00000000
    1    2
 -0.09956372  0.05605685    0.11660268  0.03458296   -0.06920961  0.03706719
  0.11660268  0.03458296   -0.09956372  0.05605685   -0.06920961  0.03706719
 -0.06920961  0.03706719   -0.06920961  0.03706719   -0.11450466  0.05215642
    2    1
 -0.09956372 -0.05605685    0.11660268 -0.03458296   -0.06920961 -0.03706719
  0.11660268 -0.03458296   -0.09956372 -0.05605685   -0.06920961 -0.03706719
 -0.06920961 -0.03706719   -0.06920961 -0.03706719   -0.11450466 -0.05215642
    2    2
  0.26331881  0.00000000    0.01069757  0.00000000   -0.01167862  0.00788488
  0.01069757  0.00000000    0.26331881  0.00000000   -0.01167862  0.00788488
 -0.01167862 -0.00788488   -0.01167862 -0.00788488    0.29233677  0.00000000

     Dynamical  Matrix in cartesian axes

     q = (   -0.666666667  -0.666666667  -0.333333333 ) 

    1    1
  0.26331881  0.00000000    0.01069757  0.00000000    0.01167862  0.00788488
  0.01069757  0.00000000    0.26331881  0.00000000    0.01167862  0.00788488
  0.01167862 -0.00788488    0.01167862 -0.00788488    0.29233677  0.00000000
    1    2
 -0.09956372  0.05605685    0.11660268  0.03458296    0.06920961 -0.03706719
  0.11660268  0.03458296   -0.09956372  0.05605685    0.06920961 -0.03706719
  0.06920961 -0.03706719    0.06920961 -0.03706719   -0.11450466  0.05215642
    2    1
 -0.09956372 -0.05605685    0.11660268 -0.03458296    0.06920961  0.03706719
  0.11660268 -0.03458296   -0.09956372 -0.05605685    0.06920961  0.03706719
  0.06920961  0.03706719    0.06920961  0.03706719   -0.11450466 -0.05215642
    2    2
  0.26331881  0.00000000    0.01069757  0.00000000    0.01167862 -0.00788488
  0.01069757  0.00000000    0.26331881  0.00000000    0.01167862 -0.00788488
  0.01167862  0.00788488    0.01167862  0.00788488    0.29233677  0.00000000

     Dynamical  Matrix in cartesian axes

     q = (   -0.666666667   0.666666667   0.333333333 ) 

    1    1
  0.26331881  0.00000000   -0.01069757  0.00000000   -0.01167862 -0.00788488
 -0.01069757  0.00000000    0.26331881  0.00000000    0.01167862  0.00788488
 -0.01167862  0.00788488    0.01167862 -0.00788488    0.29233677  0.00000000
    1    2
  0.09956372 -0.05605685    0.11660268  0.03458296    0.06920961 -0.03706719
  0.11660268  0.03458296    0.09956372 -0.05605685   -0.06920961  0.03706719
  0.06920961 -0.03706719   -0.06920961  0.03706719    0.11450466 -0.05215642
    2    1
  0.09956372  0.05605685    0.11660268 -0.03458296    0.06920961  0.03706719
  0.11660268 -0.03458296    0.09956372  0.05605685   -0.06920961 -0.03706719
  0.06920961  0.03706719   -0.06920961 -0.03706719    0.11450466  0.05215642
    2    2
  0.26331881  0.00000000   -0.01069757  0.00000000   -0.01167862  0.00788488
 -0.01069757  0.00000000    0.26331881  0.00000000    0.01167862 -0.00788488
 -0.01167862 -0.00788488    0.01167862  0.00788488    0.29233677  0.00000000

     Dynamical  Matrix in cartesian axes

     q = (    0.333333333  -0.666666667   0.666666667 ) 

    1    1
  0.29233677  0.00000000   -0.01167862  0.00788488    0.01167862 -0.00788488
 -0.01167862 -0.00788488    0.26331881  0.00000000   -0.01069757  0.00000000
  0.01167862  0.00788488   -0.01069757  0.00000000    0.26331881  0.00000000
    1    2
 -0.11450466  0.05215642   -0.06920961  0.03706719    0.06920961 -0.03706719
 -0.06920961  0.03706719   -0.09956372  0.05605685   -0.11660268 -0.03458296
  0.06920961 -0.03706719   -0.11660268 -0.03458296   -0.09956372  0.05605685
    2    1
 -0.11450466 -0.05215642   -0.06920961 -0.03706719    0.06920961  0.03706719
 -0.06920961 -0.03706719   -0.09956372 -0.05605685   -0.11660268  0.03458296
  0.06920961  0.03706719   -0.11660268  0.03458296   -0.09956372 -0.05605685
    2    2
  0.29233677  0.00000000   -0.01167862 -0.00788488    0.01167862  0.00788488
 -0.01167862  0.00788488    0.26331881  0.00000000   -0.01069757  0.00000000
  0.01167862 -0.00788488   -0.01069757  0.00000000    0.26331881  0.00000000

     Dynamical  Matrix in cartesian axes

     q = (    0.333333333   0.666666667   0.666666667 ) 

    1    1
  0.29233677  0.00000000    0.01167862  0.00788488    0.01167862  0.00788488
  0.01167862 -0.00788488    0.26331881  0.00000000    0.01069757  0.00000000
  0.01167862 -0.00788488    0.01069757  0.00000000    0.26331881  0.00000000
    1    2
 -0.10242111  0.07308573    0.06670594 -0.04140369    0.06670594 -0.04140369
  0.06670594 -0.04140369   -0.09832852  0.05819629    0.02835162 -0.11827236
  0.06670594 -0.04140369    0.02835162 -0.11827236   -0.09832852  0.05819629
    2    1
 -0.10242111 -0.07308573    0.06670594  0.04140369    0.06670594  0.04140369
  0.06670594  0.04140369   -0.09832852 -0.05819629    0.02835162  0.11827236
  0.06670594  0.04140369    0.02835162  0.11827236   -0.09832852 -0.05819629
    2    2
  0.29233677  0.00000000    0.01167862 -0.00788488    0.01167862 -0.00788488
  0.01167862  0.00788488    0.26331881  0.00000000    0.01069757  0.00000000
  0.01167862  0.00788488    0.01069757  0.00000000    0.26331881  0.00000000

     Dynamical  Matrix in cartesian axes

     q = (   -0.666666667   0.333333333  -0.666666667 ) 

    1    1
  0.26331881  0.00000000   -0.01167862  0.00788488    0.01069757  0.00000000
 -0.01167862 -0.00788488    0.29233677  0.00000000   -0.01167862 -0.00788488
  0.01069757  0.00000000   -0.01167862  0.00788488    0.26331881  0.00000000
    1    2
 -0.09956372 -0.05605685   -0.06920961 -0.03706719    0.11660268 -0.03458296
 -0.06920961 -0.03706719   -0.11450466 -0.05215642   -0.06920961 -0.03706719
  0.11660268 -0.03458296   -0.06920961 -0.03706719   -0.09956372 -0.05605685
    2    1
 -0.09956372  0.05605685   -0.06920961  0.03706719    0.11660268  0.03458296
 -0.06920961  0.03706719   -0.11450466  0.05215642   -0.06920961  0.03706719
  0.11660268  0.03458296   -0.06920961  0.03706719   -0.09956372  0.05605685
    2    2
  0.26331881  0.00000000   -0.01167862 -0.00788488    0.01069757  0.00000000
 -0.01167862  0.00788488    0.29233677  0.00000000   -0.01167862  0.00788488
  0.01069757  0.00000000   -0.01167862 -0.00788488    0.26331881  0.00000000

     Dynamical  Matrix in cartesian axes

     q = (   -0.333333333  -0.666666667   0.666666667 ) 

    1    1
  0.29233677  0.00000000    0.01167862  0.00788488   -0.01167862 -0.00788488
  0.01167862 -0.00788488    0.26331881  0.00000000   -0.01069757  0.00000000
 -0.01167862  0.00788488   -0.01069757  0.00000000    0.26331881  0.00000000
    1    2
 -0.11450466 -0.05215642    0.06920961  0.03706719   -0.06920961 -0.03706719
  0.06920961  0.03706719   -0.09956372 -0.05605685   -0.11660268  0.03458296
 -0.06920961 -0.03706719   -0.11660268  0.03458296   -0.09956372 -0.05605685
    2    1
 -0.11450466  0.05215642    0.06920961 -0.03706719   -0.06920961  0.03706719
  0.06920961 -0.03706719   -0.09956372  0.05605685   -0.11660268 -0.03458296
 -0.06920961  0.03706719   -0.11660268 -0.03458296   -0.09956372  0.05605685
    2    2
  0.29233677  0.00000000    0.01167862 -0.00788488   -0.01167862  0.00788488
  0.01167862  0.00788488    0.26331881  0.00000000   -0.01069757  0.00000000
 -0.01167862 -0.00788488   -0.01069757  0.00000000    0.26331881  0.00000000

     Dynamical  Matrix in cartesian axes

     q = (   -0.666666667  -0.666666667   0.333333333 ) 

    1    1
  0.26331881  0.00000000    0.01069757  0.00000000   -0.01167862  0.00788488
  0.01069757  0.00000000    0.26331881  0.00000000   -0.01167862  0.00788488
 -0.01167862 -0.00788488   -0.01167862 -0.00788488    0.29233677  0.00000000
    1    2
 -0.09956372 -0.05605685    0.11660268 -0.03458296   -0.06920961 -0.03706719
  0.11660268 -0.03458296   -0.09956372 -0.05605685   -0.06920961 -0.03706719
 -0.06920961 -0.03706719   -0.06920961 -0.03706719   -0.11450466 -0.05215642
    2    1
 -0.09956372  0.05605685    0.11660268  0.03458296   -0.06920961  0.03706719
  0.11660268  0.03458296   -0.09956372  0.05605685   -0.06920961  0.03706719
 -0.06920961  0.03706719   -0.06920961  0.03706719   -0.11450466  0.05215642
    2    2
  0.26331881  0.00000000    0.01069757  0.00000000   -0.01167862 -0.00788488
  0.01069757  0.00000000    0.26331881  0.00000000   -0.01167862 -0.00788488
 -0.01167862  0.00788488   -0.01167862  0.00788488    0.29233677  0.00000000

     Dynamical  Matrix in cartesian axes

     q = (    0.666666667   0.666666667   0.333333333 ) 

    1    1
  0.26331881  0.00000000    0.01069757  0.00000000    0.01167862 -0.00788488
  0.01069757  0.00000000    0.26331881  0.00000000    0.01167862 -0.00788488
  0.01167862  0.00788488    0.01167862  0.00788488    0.29233677  0.00000000
    1    2
 -0.09956372 -0.05605685    0.11660268 -0.03458296    0.06920961  0.03706719
  0.11660268 -0.03458296   -0.09956372 -0.05605685    0.06920961  0.03706719
  0.06920961  0.03706719    0.06920961  0.03706719   -0.11450466 -0.05215642
    2    1
 -0.09956372  0.05605685    0.11660268  0.03458296    0.06920961 -0.03706719
  0.11660268  0.03458296   -0.09956372  0.05605685    0.06920961 -0.03706719
  0.06920961 -0.03706719    0.06920961 -0.03706719   -0.11450466  0.05215642
    2    2
  0.26331881  0.00000000    0.01069757  0.00000000    0.01167862  0.00788488
  0.01069757  0.00000000    0.26331881  0.00000000    0.01167862  0.00788488
  0.01167862 -0.00788488    0.01167862 -0.00788488    0.29233677  0.00000000

     Dynamical  Matrix in cartesian axes

     q = (    0.333333333  -0.666666667  -0.666666667 ) 

    1    1
  0.29233677  0.00000000   -0.01167862 -0.00788488   -0.01167862 -0.00788488
 -0.01167862  0.00788488    0.26331881  0.00000000    0.01069757  0.00000000
 -0.01167862  0.00788488    0.01069757  0.00000000    0.26331881  0.00000000
    1    2
  0.11450466  0.05215642    0.06920961  0.03706719    0.06920961  0.03706719
  0.06920961  0.03706719    0.09956372  0.05605685   -0.11660268  0.03458296
  0.06920961  0.03706719   -0.11660268  0.03458296    0.09956372  0.05605685
    2    1
  0.11450466 -0.05215642    0.06920961 -0.03706719    0.06920961 -0.03706719
  0.06920961 -0.03706719    0.09956372 -0.05605685   -0.11660268 -0.03458296
  0.06920961 -0.03706719   -0.11660268 -0.03458296    0.09956372 -0.05605685
    2    2
  0.29233677  0.00000000   -0.01167862  0.00788488   -0.01167862  0.00788488
 -0.01167862 -0.00788488    0.26331881  0.00000000    0.01069757  0.00000000
 -0.01167862 -0.00788488    0.01069757  0.00000000    0.26331881  0.00000000

     Dynamical  Matrix in cartesian axes

     q = (    0.666666667  -0.666666667  -0.333333333 ) 

    1    1
  0.26331881  0.00000000   -0.01069757  0.00000000   -0.01167862  0.00788488
 -0.01069757  0.00000000    0.26331881  0.00000000    0.01167862 -0.00788488
 -0.01167862 -0.00788488    0.01167862  0.00788488    0.29233677  0.00000000
    1    2
  0.09956372  0.05605685    0.11660268 -0.03458296    0.06920961  0.03706719
  0.11660268 -0.03458296    0.09956372  0.05605685   -0.06920961 -0.03706719
  0.06920961  0.03706719   -0.06920961 -0.03706719    0.11450466  0.05215642
    2    1
  0.09956372 -0.05605685    0.11660268  0.03458296    0.06920961 -0.03706719
  0.11660268  0.03458296    0.09956372 -0.05605685   -0.06920961  0.03706719
  0.06920961 -0.03706719   -0.06920961  0.03706719    0.11450466 -0.05215642
    2    2
  0.26331881  0.00000000   -0.01069757  0.00000000   -0.01167862 -0.00788488
 -0.01069757  0.00000000    0.26331881  0.00000000    0.01167862  0.00788488
 -0.01167862  0.00788488    0.01167862 -0.00788488    0.29233677  0.00000000

     Diagonalizing the dynamical matrix

     q = (    0.666666667  -0.333333333   0.666666667 ) 

 **************************************************************************
     freq (    1) =       3.868214 [THz] =     129.029739 [cm-1]
 ( -0.497551  0.049427  0.000000  0.000000  0.497551 -0.049427 ) 
 ( -0.500000  0.000000  0.000000  0.000000  0.500000  0.000000 ) 
     freq (    2) =       5.173730 [THz] =     172.577051 [cm-1]
 (  0.131474 -0.302615  0.387755 -0.363213  0.131474 -0.302615 ) 
 (  0.329941 -0.000000  0.487642 -0.210909  0.329941  0.000000 ) 
     freq (    3) =       9.739025 [THz] =     324.858890 [cm-1]
 (  0.404503  0.057539 -0.297290 -0.278841  0.404503  0.057539 ) 
 ( -0.408575 -0.000000  0.333596 -0.234195 -0.408575  0.000000 ) 
     freq (    4) =      12.241741 [THz] =     408.340537 [cm-1]
 (  0.348968  0.074180 -0.366431 -0.333415  0.348968  0.074180 ) 
 (  0.356765  0.000000 -0.427748  0.249938  0.356765  0.000000 ) 
     freq (    5) =      14.094362 [THz] =     470.137295 [cm-1]
 (  0.497551 -0.049427  0.000000  0.000000 -0.497551  0.049427 ) 
 ( -0.500000 -0.000000 -0.000000 -0.000000  0.500000  0.000000 ) 
     freq (    6) =      14.402309 [THz] =     480.409319 [cm-1]
 (  0.008379 -0.311214  0.381180 -0.401065  0.008379 -0.311214 ) 
 ( -0.311327 -0.000000 -0.411179  0.370248 -0.311327  0.000000 ) 
 **************************************************************************
