Dynamical matrix file
--                                                                         
  1    2  2 10.2083039  0.0000000  0.0000000  0.0000000  0.0000000  0.0000000
           1  'Si  '    25598.822984527003     
    1    1      0.0000000000      0.0000000000      0.0000000000
    2    1     -0.2500000000      0.2500000000      0.2500000000

     Dynamical  Matrix in cartesian axes

     q = (    0.833333333  -0.166666667   0.833333333 ) 

    1    1
  0.24724046  0.00000000   -0.00286299 -0.00806598    0.00336624  0.00000000
 -0.00286299  0.00806598    0.32295910  0.00000000   -0.00286299  0.00806598
  0.00336624  0.00000000   -0.00286299 -0.00806598    0.24724046  0.00000000
    1    2
 -0.03106028  0.05220134   -0.02186348  0.03595069    0.16978812  0.04035489
 -0.02186348  0.03595069   -0.04634212  0.05356166   -0.02186348  0.03595069
  0.16978812  0.04035489   -0.02186348  0.03595069   -0.03106028  0.05220134
    2    1
 -0.03106028 -0.05220134   -0.02186348 -0.03595069    0.16978812 -0.04035489
 -0.02186348 -0.03595069   -0.04634212 -0.05356166   -0.02186348 -0.03595069
  0.16978812 -0.04035489   -0.02186348 -0.03595069   -0.03106028 -0.05220134
    2    2
  0.24724046  0.00000000   -0.00286299  0.00806598    0.00336624  0.00000000
 -0.00286299 -0.00806598    0.32295910  0.00000000   -0.00286299 -0.00806598
  0.00336624  0.00000000   -0.00286299  0.00806598    0.24724046  0.00000000

     Dynamical  Matrix in cartesian axes

     q = (   -0.833333333  -0.166666667   0.833333333 ) 

    1    1
  0.24724046  0.00000000    0.00286299 -0.00806598   -0.00336624  0.00000000
  0.00286299  0.00806598    0.32295910  0.00000000   -0.00286299 -0.00806598
 -0.00336624  0.00000000   -0.00286299  0.00806598    0.24724046  0.00000000
    1    2
 -0.02967755  0.05299966    0.02020247 -0.03690968    0.11984242  0.12686338
  0.02020247 -0.03690968   -0.02321470  0.06691428   -0.02020247  0.03690968
  0.11984242  0.12686338   -0.02020247  0.03690968   -0.02967755  0.05299966
    2    1
 -0.02967755 -0.05299966    0.02020247  0.03690968    0.11984242 -0.12686338
  0.02020247  0.03690968   -0.02321470 -0.06691428   -0.02020247 -0.03690968
  0.11984242 -0.12686338   -0.02020247 -0.03690968   -0.02967755 -0.05299966
    2    2
  0.24724046  0.00000000    0.00286299  0.00806598   -0.00336624  0.00000000
  0.00286299 -0.00806598    0.32295910  0.00000000   -0.00286299  0.00806598
 -0.00336624  0.00000000   -0.00286299 -0.00806598    0.24724046  0.00000000

     Dynamical  Matrix in cartesian axes

     q = (    0.833333333  -0.166666667  -0.833333333 ) 

    1    1
  0.24724046  0.00000000   -0.00286299  0.00806598   -0.00336624  0.00000000
 -0.00286299 -0.00806598    0.32295910  0.00000000    0.00286299  0.00806598
 -0.00336624  0.00000000    0.00286299 -0.00806598    0.24724046  0.00000000
    1    2
  0.03106028  0.05220134    0.02186348  0.03595069    0.16978812 -0.04035489
  0.02186348  0.03595069    0.04634212  0.05356166   -0.02186348 -0.03595069
  0.16978812 -0.04035489   -0.02186348 -0.03595069    0.03106028  0.05220134
    2    1
  0.03106028 -0.05220134    0.02186348 -0.03595069    0.16978812  0.04035489
  0.02186348 -0.03595069    0.04634212 -0.05356166   -0.02186348  0.03595069
  0.16978812  0.04035489   -0.02186348  0.03595069    0.03106028 -0.05220134
    2    2
  0.24724046  0.00000000   -0.00286299 -0.00806598   -0.00336624  0.00000000
 -0.00286299  0.00806598    0.32295910  0.00000000    0.00286299 -0.00806598
 -0.00336624  0.00000000    0.00286299  0.00806598    0.24724046  0.00000000

     Dynamical  Matrix in cartesian axes

     q = (   -0.833333333  -0.166666667  -0.833333333 ) 

    1    1
  0.24724046  0.00000000    0.00286299  0.00806598    0.00336624  0.00000000
  0.00286299 -0.00806598    0.32295910  0.00000000    0.00286299 -0.00806598
  0.00336624  0.00000000    0.00286299  0.00806598    0.24724046  0.00000000
    1    2
 -0.03106028  0.05220134    0.02186348 -0.03595069    0.16978812  0.04035489
  0.02186348 -0.03595069   -0.04634212  0.05356166    0.02186348 -0.03595069
  0.16978812  0.04035489    0.02186348 -0.03595069   -0.03106028  0.05220134
    2    1
 -0.03106028 -0.05220134    0.02186348  0.03595069    0.16978812 -0.04035489
  0.02186348  0.03595069   -0.04634212 -0.05356166    0.02186348  0.03595069
  0.16978812 -0.04035489    0.02186348  0.03595069   -0.03106028 -0.05220134
    2    2
  0.24724046  0.00000000    0.00286299 -0.00806598    0.00336624  0.00000000
  0.00286299  0.00806598    0.32295910  0.00000000    0.00286299  0.00806598
  0.00336624  0.00000000    0.00286299 -0.00806598    0.24724046  0.00000000

     Dynamical  Matrix in cartesian axes

     q = (   -0.166666667   0.833333333  -0.833333333 ) 

    1    1
  0.32295910  0.00000000   -0.00286299 -0.00806598    0.00286299  0.00806598
 -0.00286299  0.00806598    0.24724046  0.00000000   -0.00336624  0.00000000
  0.00286299 -0.00806598   -0.00336624  0.00000000    0.24724046  0.00000000
    1    2
 -0.04634212 -0.05356166   -0.02186348 -0.03595069    0.02186348  0.03595069
 -0.02186348 -0.03595069   -0.03106028 -0.05220134   -0.16978812  0.04035489
  0.02186348  0.03595069   -0.16978812  0.04035489   -0.03106028 -0.05220134
    2    1
 -0.04634212  0.05356166   -0.02186348  0.03595069    0.02186348 -0.03595069
 -0.02186348  0.03595069   -0.03106028  0.05220134   -0.16978812 -0.04035489
  0.02186348 -0.03595069   -0.16978812 -0.04035489   -0.03106028  0.05220134
    2    2
  0.32295910  0.00000000   -0.00286299  0.00806598    0.00286299 -0.00806598
 -0.00286299 -0.00806598    0.24724046  0.00000000   -0.00336624  0.00000000
  0.00286299  0.00806598   -0.00336624  0.00000000    0.24724046  0.00000000

     Dynamical  Matrix in cartesian axes

     q = (   -0.833333333   0.833333333  -0.166666667 ) 

    1    1
  0.24724046  0.00000000   -0.00336624  0.00000000    0.00286299 -0.00806598
 -0.00336624  0.00000000    0.24724046  0.00000000   -0.00286299  0.00806598
  0.00286299  0.00806598   -0.00286299 -0.00806598    0.32295910  0.00000000
    1    2
 -0.02967755  0.05299966    0.11984242  0.12686338    0.02020247 -0.03690968
  0.11984242  0.12686338   -0.02967755  0.05299966   -0.02020247  0.03690968
  0.02020247 -0.03690968   -0.02020247  0.03690968   -0.02321470  0.06691428
    2    1
 -0.02967755 -0.05299966    0.11984242 -0.12686338    0.02020247  0.03690968
  0.11984242 -0.12686338   -0.02967755 -0.05299966   -0.02020247 -0.03690968
  0.02020247  0.03690968   -0.02020247 -0.03690968   -0.02321470 -0.06691428
    2    2
  0.24724046  0.00000000   -0.00336624  0.00000000    0.00286299  0.00806598
 -0.00336624  0.00000000    0.24724046  0.00000000   -0.00286299 -0.00806598
  0.00286299 -0.00806598   -0.00286299  0.00806598    0.32295910  0.00000000

     Dynamical  Matrix in cartesian axes

     q = (    0.833333333   0.166666667   0.833333333 ) 

    1    1
  0.24724046  0.00000000    0.00286299 -0.00806598    0.00336624  0.00000000
  0.00286299  0.00806598    0.32295910  0.00000000    0.00286299  0.00806598
  0.00336624  0.00000000    0.00286299 -0.00806598    0.24724046  0.00000000
    1    2
 -0.03106028 -0.05220134    0.02186348  0.03595069    0.16978812 -0.04035489
  0.02186348  0.03595069   -0.04634212 -0.05356166    0.02186348  0.03595069
  0.16978812 -0.04035489    0.02186348  0.03595069   -0.03106028 -0.05220134
    2    1
 -0.03106028  0.05220134    0.02186348 -0.03595069    0.16978812  0.04035489
  0.02186348 -0.03595069   -0.04634212  0.05356166    0.02186348 -0.03595069
  0.16978812  0.04035489    0.02186348 -0.03595069   -0.03106028  0.05220134
    2    2
  0.24724046  0.00000000    0.00286299  0.00806598    0.00336624  0.00000000
  0.00286299 -0.00806598    0.32295910  0.00000000    0.00286299 -0.00806598
  0.00336624  0.00000000    0.00286299  0.00806598    0.24724046  0.00000000

     Dynamical  Matrix in cartesian axes

     q = (   -0.833333333   0.166666667   0.833333333 ) 

    1    1
  0.24724046  0.00000000   -0.00286299 -0.00806598   -0.00336624  0.00000000
 -0.00286299  0.00806598    0.32295910  0.00000000    0.00286299 -0.00806598
 -0.00336624  0.00000000    0.00286299  0.00806598    0.24724046  0.00000000
    1    2
  0.03106028 -0.05220134    0.02186348 -0.03595069    0.16978812  0.04035489
  0.02186348 -0.03595069    0.04634212 -0.05356166   -0.02186348  0.03595069
  0.16978812  0.04035489   -0.02186348  0.03595069    0.03106028 -0.05220134
    2    1
  0.03106028  0.05220134    0.02186348  0.03595069    0.16978812 -0.04035489
  0.02186348  0.03595069    0.04634212  0.05356166   -0.02186348 -0.03595069
  0.16978812 -0.04035489   -0.02186348 -0.03595069    0.03106028  0.05220134
    2    2
  0.24724046  0.00000000   -0.00286299  0.00806598   -0.00336624  0.00000000
 -0.00286299 -0.00806598    0.32295910  0.00000000    0.00286299  0.00806598
 -0.00336624  0.00000000    0.00286299 -0.00806598    0.24724046  0.00000000

     Dynamical  Matrix in cartesian axes

     q = (    0.833333333   0.166666667  -0.833333333 ) 

    1    1
  0.24724046  0.00000000    0.00286299  0.00806598   -0.00336624  0.00000000
  0.00286299 -0.00806598    0.32295910  0.00000000   -0.00286299  0.00806598
 -0.00336624  0.00000000   -0.00286299 -0.00806598    0.24724046  0.00000000
    1    2
 -0.02967755 -0.05299966    0.02020247  0.03690968    0.11984242 -0.12686338
  0.02020247  0.03690968   -0.02321470 -0.06691428   -0.02020247 -0.03690968
  0.11984242 -0.12686338   -0.02020247 -0.03690968   -0.02967755 -0.05299966
    2    1
 -0.02967755  0.05299966    0.02020247 -0.03690968    0.11984242  0.12686338
  0.02020247 -0.03690968   -0.02321470  0.06691428   -0.02020247  0.03690968
  0.11984242  0.12686338   -0.02020247  0.03690968   -0.02967755  0.05299966
    2    2
  0.24724046  0.00000000    0.00286299 -0.00806598   -0.00336624  0.00000000
  0.00286299  0.00806598    0.32295910  0.00000000   -0.00286299 -0.00806598
 -0.00336624  0.00000000   -0.00286299  0.00806598    0.24724046  0.00000000

     Dynamical  Matrix in cartesian axes

     q = (   -0.166666667   0.833333333   0.833333333 ) 

    1    1
  0.32295910  0.00000000   -0.00286299  0.00806598   -0.00286299  0.00806598
 -0.00286299 -0.00806598    0.24724046  0.00000000    0.00336624  0.00000000
 -0.00286299 -0.00806598    0.00336624  0.00000000    0.24724046  0.00000000
    1    2
  0.04634212 -0.05356166    0.02186348 -0.03595069    0.02186348 -0.03595069
  0.02186348 -0.03595069    0.03106028 -0.05220134   -0.16978812 -0.04035489
  0.02186348 -0.03595069   -0.16978812 -0.04035489    0.03106028 -0.05220134
    2    1
  0.04634212  0.05356166    0.02186348  0.03595069    0.02186348  0.03595069
  0.02186348  0.03595069    0.03106028  0.05220134   -0.16978812  0.04035489
  0.02186348  0.03595069   -0.16978812  0.04035489    0.03106028  0.05220134
    2    2
  0.32295910  0.00000000   -0.00286299 -0.00806598   -0.00286299 -0.00806598
 -0.00286299  0.00806598    0.24724046  0.00000000    0.00336624  0.00000000
 -0.00286299  0.00806598    0.00336624  0.00000000    0.24724046  0.00000000

     Dynamical  Matrix in cartesian axes

     q = (    0.166666667   0.833333333  -0.833333333 ) 

    1    1
  0.32295910  0.00000000    0.00286299 -0.00806598   -0.00286299  0.00806598
  0.00286299  0.00806598    0.24724046  0.00000000   -0.00336624  0.00000000
 -0.00286299 -0.00806598   -0.00336624  0.00000000    0.24724046  0.00000000
    1    2
 -0.04634212  0.05356166    0.02186348 -0.03595069   -0.02186348  0.03595069
  0.02186348 -0.03595069   -0.03106028  0.05220134   -0.16978812 -0.04035489
 -0.02186348  0.03595069   -0.16978812 -0.04035489   -0.03106028  0.05220134
    2    1
 -0.04634212 -0.05356166    0.02186348  0.03595069   -0.02186348 -0.03595069
  0.02186348  0.03595069   -0.03106028 -0.05220134   -0.16978812  0.04035489
 -0.02186348 -0.03595069   -0.16978812  0.04035489   -0.03106028 -0.05220134
    2    2
  0.32295910  0.00000000    0.00286299  0.00806598   -0.00286299 -0.00806598
  0.00286299 -0.00806598    0.24724046  0.00000000   -0.00336624  0.00000000
 -0.00286299  0.00806598   -0.00336624  0.00000000    0.24724046  0.00000000

     Dynamical  Matrix in cartesian axes

     q = (   -0.166666667  -0.833333333  -0.833333333 ) 

    1    1
  0.32295910  0.00000000    0.00286299 -0.00806598    0.00286299 -0.00806598
  0.00286299  0.00806598    0.24724046  0.00000000    0.00336624  0.00000000
  0.00286299  0.00806598    0.00336624  0.00000000    0.24724046  0.00000000
    1    2
 -0.02321470 -0.06691428    0.02020247  0.03690968    0.02020247  0.03690968
  0.02020247  0.03690968   -0.02967755 -0.05299966   -0.11984242  0.12686338
  0.02020247  0.03690968   -0.11984242  0.12686338   -0.02967755 -0.05299966
    2    1
 -0.02321470  0.06691428    0.02020247 -0.03690968    0.02020247 -0.03690968
  0.02020247 -0.03690968   -0.02967755  0.05299966   -0.11984242 -0.12686338
  0.02020247 -0.03690968   -0.11984242 -0.12686338   -0.02967755  0.05299966
    2    2
  0.32295910  0.00000000    0.00286299  0.00806598    0.00286299  0.00806598
  0.00286299 -0.00806598    0.24724046  0.00000000    0.00336624  0.00000000
  0.00286299 -0.00806598    0.00336624  0.00000000    0.24724046  0.00000000

     Dynamical  Matrix in cartesian axes

     q = (    0.833333333  -0.833333333   0.166666667 ) 

    1    1
  0.24724046  0.00000000   -0.00336624  0.00000000    0.00286299  0.00806598
 -0.00336624  0.00000000    0.24724046  0.00000000   -0.00286299 -0.00806598
  0.00286299 -0.00806598   -0.00286299  0.00806598    0.32295910  0.00000000
    1    2
 -0.02967755 -0.05299966    0.11984242 -0.12686338    0.02020247  0.03690968
  0.11984242 -0.12686338   -0.02967755 -0.05299966   -0.02020247 -0.03690968
  0.02020247  0.03690968   -0.02020247 -0.03690968   -0.02321470 -0.06691428
    2    1
 -0.02967755  0.05299966    0.11984242  0.12686338    0.02020247 -0.03690968
  0.11984242  0.12686338   -0.02967755  0.05299966   -0.02020247  0.03690968
  0.02020247 -0.03690968   -0.02020247  0.03690968   -0.02321470  0.06691428
    2    2
  0.24724046  0.00000000   -0.00336624  0.00000000    0.00286299 -0.00806598
 -0.00336624  0.00000000    0.24724046  0.00000000   -0.00286299  0.00806598
  0.00286299  0.00806598   -0.00286299 -0.00806598    0.32295910  0.00000000

     Dynamical  Matrix in cartesian axes

     q = (    0.833333333   0.833333333  -0.166666667 ) 

    1    1
  0.24724046  0.00000000    0.00336624  0.00000000   -0.00286299 -0.00806598
  0.00336624  0.00000000    0.24724046  0.00000000   -0.00286299 -0.00806598
 -0.00286299  0.00806598   -0.00286299  0.00806598    0.32295910  0.00000000
    1    2
 -0.03106028  0.05220134    0.16978812  0.04035489   -0.02186348  0.03595069
  0.16978812  0.04035489   -0.03106028  0.05220134   -0.02186348  0.03595069
 -0.02186348  0.03595069   -0.02186348  0.03595069   -0.04634212  0.05356166
    2    1
 -0.03106028 -0.05220134    0.16978812 -0.04035489   -0.02186348 -0.03595069
  0.16978812 -0.04035489   -0.03106028 -0.05220134   -0.02186348 -0.03595069
 -0.02186348 -0.03595069   -0.02186348 -0.03595069   -0.04634212 -0.05356166
    2    2
  0.24724046  0.00000000    0.00336624  0.00000000   -0.00286299  0.00806598
  0.00336624  0.00000000    0.24724046  0.00000000   -0.00286299  0.00806598
 -0.00286299 -0.00806598   -0.00286299 -0.00806598    0.32295910  0.00000000

     Dynamical  Matrix in cartesian axes

     q = (   -0.833333333  -0.833333333  -0.166666667 ) 

    1    1
  0.24724046  0.00000000    0.00336624  0.00000000    0.00286299  0.00806598
  0.00336624  0.00000000    0.24724046  0.00000000    0.00286299  0.00806598
  0.00286299 -0.00806598    0.00286299 -0.00806598    0.32295910  0.00000000
    1    2
 -0.03106028  0.05220134    0.16978812  0.04035489    0.02186348 -0.03595069
  0.16978812  0.04035489   -0.03106028  0.05220134    0.02186348 -0.03595069
  0.02186348 -0.03595069    0.02186348 -0.03595069   -0.04634212  0.05356166
    2    1
 -0.03106028 -0.05220134    0.16978812 -0.04035489    0.02186348  0.03595069
  0.16978812 -0.04035489   -0.03106028 -0.05220134    0.02186348  0.03595069
  0.02186348  0.03595069    0.02186348  0.03595069   -0.04634212 -0.05356166
    2    2
  0.24724046  0.00000000    0.00336624  0.00000000    0.00286299 -0.00806598
  0.00336624  0.00000000    0.24724046  0.00000000    0.00286299 -0.00806598
  0.00286299  0.00806598    0.00286299  0.00806598    0.32295910  0.00000000

     Dynamical  Matrix in cartesian axes

     q = (   -0.833333333   0.833333333   0.166666667 ) 

    1    1
  0.24724046  0.00000000   -0.00336624  0.00000000   -0.00286299 -0.00806598
 -0.00336624  0.00000000    0.24724046  0.00000000    0.00286299  0.00806598
 -0.00286299  0.00806598    0.00286299 -0.00806598    0.32295910  0.00000000
    1    2
  0.03106028 -0.05220134    0.16978812  0.04035489    0.02186348 -0.03595069
  0.16978812  0.04035489    0.03106028 -0.05220134   -0.02186348  0.03595069
  0.02186348 -0.03595069   -0.02186348  0.03595069    0.04634212 -0.05356166
    2    1
  0.03106028  0.05220134    0.16978812 -0.04035489    0.02186348  0.03595069
  0.16978812 -0.04035489    0.03106028  0.05220134   -0.02186348 -0.03595069
  0.02186348  0.03595069   -0.02186348 -0.03595069    0.04634212  0.05356166
    2    2
  0.24724046  0.00000000   -0.00336624  0.00000000   -0.00286299  0.00806598
 -0.00336624  0.00000000    0.24724046  0.00000000    0.00286299 -0.00806598
 -0.00286299 -0.00806598    0.00286299  0.00806598    0.32295910  0.00000000

     Dynamical  Matrix in cartesian axes

     q = (    0.166666667  -0.833333333   0.833333333 ) 

    1    1
  0.32295910  0.00000000   -0.00286299  0.00806598    0.00286299 -0.00806598
 -0.00286299 -0.00806598    0.24724046  0.00000000   -0.00336624  0.00000000
  0.00286299  0.00806598   -0.00336624  0.00000000    0.24724046  0.00000000
    1    2
 -0.04634212  0.05356166   -0.02186348  0.03595069    0.02186348 -0.03595069
 -0.02186348  0.03595069   -0.03106028  0.05220134   -0.16978812 -0.04035489
  0.02186348 -0.03595069   -0.16978812 -0.04035489   -0.03106028  0.05220134
    2    1
 -0.04634212 -0.05356166   -0.02186348 -0.03595069    0.02186348  0.03595069
 -0.02186348 -0.03595069   -0.03106028 -0.05220134   -0.16978812  0.04035489
  0.02186348  0.03595069   -0.16978812  0.04035489   -0.03106028 -0.05220134
    2    2
  0.32295910  0.00000000   -0.00286299 -0.00806598    0.00286299  0.00806598
 -0.00286299  0.00806598    0.24724046  0.00000000   -0.00336624  0.00000000
  0.00286299 -0.00806598   -0.00336624  0.00000000    0.24724046  0.00000000

     Dynamical  Matrix in cartesian axes

     q = (    0.166666667   0.833333333   0.833333333 ) 

    1    1
  0.32295910  0.00000000    0.00286299  0.00806598    0.00286299  0.00806598
  0.00286299 -0.00806598    0.24724046  0.00000000    0.00336624  0.00000000
  0.00286299 -0.00806598    0.00336624  0.00000000    0.24724046  0.00000000
    1    2
 -0.02321470  0.06691428    0.02020247 -0.03690968    0.02020247 -0.03690968
  0.02020247 -0.03690968   -0.02967755  0.05299966   -0.11984242 -0.12686338
  0.02020247 -0.03690968   -0.11984242 -0.12686338   -0.02967755  0.05299966
    2    1
 -0.02321470 -0.06691428    0.02020247  0.03690968    0.02020247  0.03690968
  0.02020247  0.03690968   -0.02967755 -0.05299966   -0.11984242  0.12686338
  0.02020247  0.03690968   -0.11984242  0.12686338   -0.02967755 -0.05299966
    2    2
  0.32295910  0.00000000    0.00286299 -0.00806598    0.00286299 -0.00806598
  0.00286299  0.00806598    0.24724046  0.00000000    0.00336624  0.00000000
  0.00286299  0.00806598    0.00336624  0.00000000    0.24724046  0.00000000

     Dynamical  Matrix in cartesian axes

     q = (   -0.833333333   0.166666667  -0.833333333 ) 

    1    1
  0.24724046  0.00000000   -0.00286299  0.00806598    0.00336624  0.00000000
 -0.00286299 -0.00806598    0.32295910  0.00000000   -0.00286299 -0.00806598
  0.00336624  0.00000000   -0.00286299  0.00806598    0.24724046  0.00000000
    1    2
 -0.03106028 -0.05220134   -0.02186348 -0.03595069    0.16978812 -0.04035489
 -0.02186348 -0.03595069   -0.04634212 -0.05356166   -0.02186348 -0.03595069
  0.16978812 -0.04035489   -0.02186348 -0.03595069   -0.03106028 -0.05220134
    2    1
 -0.03106028  0.05220134   -0.02186348  0.03595069    0.16978812  0.04035489
 -0.02186348  0.03595069   -0.04634212  0.05356166   -0.02186348  0.03595069
  0.16978812  0.04035489   -0.02186348  0.03595069   -0.03106028  0.05220134
    2    2
  0.24724046  0.00000000   -0.00286299 -0.00806598    0.00336624  0.00000000
 -0.00286299  0.00806598    0.32295910  0.00000000   -0.00286299  0.00806598
  0.00336624  0.00000000   -0.00286299 -0.00806598    0.24724046  0.00000000

     Dynamical  Matrix in cartesian axes

     q = (   -0.166666667  -0.833333333   0.833333333 ) 

    1    1
  0.32295910  0.00000000    0.00286299  0.00806598   -0.00286299 -0.00806598
  0.00286299 -0.00806598    0.24724046  0.00000000   -0.00336624  0.00000000
 -0.00286299  0.00806598   -0.00336624  0.00000000    0.24724046  0.00000000
    1    2
 -0.04634212 -0.05356166    0.02186348  0.03595069   -0.02186348 -0.03595069
  0.02186348  0.03595069   -0.03106028 -0.05220134   -0.16978812  0.04035489
 -0.02186348 -0.03595069   -0.16978812  0.04035489   -0.03106028 -0.05220134
    2    1
 -0.04634212  0.05356166    0.02186348 -0.03595069   -0.02186348  0.03595069
  0.02186348 -0.03595069   -0.03106028  0.05220134   -0.16978812 -0.04035489
 -0.02186348  0.03595069   -0.16978812 -0.04035489   -0.03106028  0.05220134
    2    2
  0.32295910  0.00000000    0.00286299 -0.00806598   -0.00286299  0.00806598
  0.00286299  0.00806598    0.24724046  0.00000000   -0.00336624  0.00000000
 -0.00286299 -0.00806598   -0.00336624  0.00000000    0.24724046  0.00000000

     Dynamical  Matrix in cartesian axes

     q = (   -0.833333333  -0.833333333   0.166666667 ) 

    1    1
  0.24724046  0.00000000    0.00336624  0.00000000   -0.00286299  0.00806598
  0.00336624  0.00000000    0.24724046  0.00000000   -0.00286299  0.00806598
 -0.00286299 -0.00806598   -0.00286299 -0.00806598    0.32295910  0.00000000
    1    2
 -0.03106028 -0.05220134    0.16978812 -0.04035489   -0.02186348 -0.03595069
  0.16978812 -0.04035489   -0.03106028 -0.05220134   -0.02186348 -0.03595069
 -0.02186348 -0.03595069   -0.02186348 -0.03595069   -0.04634212 -0.05356166
    2    1
 -0.03106028  0.05220134    0.16978812  0.04035489   -0.02186348  0.03595069
  0.16978812  0.04035489   -0.03106028  0.05220134   -0.02186348  0.03595069
 -0.02186348  0.03595069   -0.02186348  0.03595069   -0.04634212  0.05356166
    2    2
  0.24724046  0.00000000    0.00336624  0.00000000   -0.00286299 -0.00806598
  0.00336624  0.00000000    0.24724046  0.00000000   -0.00286299 -0.00806598
 -0.00286299  0.00806598   -0.00286299  0.00806598    0.32295910  0.00000000

     Dynamical  Matrix in cartesian axes

     q = (    0.833333333   0.833333333   0.166666667 ) 

    1    1
  0.24724046  0.00000000    0.00336624  0.00000000    0.00286299 -0.00806598
  0.00336624  0.00000000    0.24724046  0.00000000    0.00286299 -0.00806598
  0.00286299  0.00806598    0.00286299  0.00806598    0.32295910  0.00000000
    1    2
 -0.03106028 -0.05220134    0.16978812 -0.04035489    0.02186348  0.03595069
  0.16978812 -0.04035489   -0.03106028 -0.05220134    0.02186348  0.03595069
  0.02186348  0.03595069    0.02186348  0.03595069   -0.04634212 -0.05356166
    2    1
 -0.03106028  0.05220134    0.16978812  0.04035489    0.02186348 -0.03595069
  0.16978812  0.04035489   -0.03106028  0.05220134    0.02186348 -0.03595069
  0.02186348 -0.03595069    0.02186348 -0.03595069   -0.04634212  0.05356166
    2    2
  0.24724046  0.00000000    0.00336624  0.00000000    0.00286299  0.00806598
  0.00336624  0.00000000    0.24724046  0.00000000    0.00286299  0.00806598
  0.00286299 -0.00806598    0.00286299 -0.00806598    0.32295910  0.00000000

     Dynamical  Matrix in cartesian axes

     q = (    0.166666667  -0.833333333  -0.833333333 ) 

    1    1
  0.32295910  0.00000000   -0.00286299 -0.00806598   -0.00286299 -0.00806598
 -0.00286299  0.00806598    0.24724046  0.00000000    0.00336624  0.00000000
 -0.00286299  0.00806598    0.00336624  0.00000000    0.24724046  0.00000000
    1    2
  0.04634212  0.05356166    0.02186348  0.03595069    0.02186348  0.03595069
  0.02186348  0.03595069    0.03106028  0.05220134   -0.16978812  0.04035489
  0.02186348  0.03595069   -0.16978812  0.04035489    0.03106028  0.05220134
    2    1
  0.04634212 -0.05356166    0.02186348 -0.03595069    0.02186348 -0.03595069
  0.02186348 -0.03595069    0.03106028 -0.05220134   -0.16978812 -0.04035489
  0.02186348 -0.03595069   -0.16978812 -0.04035489    0.03106028 -0.05220134
    2    2
  0.32295910  0.00000000   -0.00286299  0.00806598   -0.00286299  0.00806598
 -0.00286299 -0.00806598    0.24724046  0.00000000    0.00336624  0.00000000
 -0.00286299 -0.00806598    0.00336624  0.00000000    0.24724046  0.00000000

     Dynamical  Matrix in cartesian axes

     q = (    0.833333333  -0.833333333  -0.166666667 ) 

    1    1
  0.24724046  0.00000000   -0.00336624  0.00000000   -0.00286299  0.00806598
 -0.00336624  0.00000000    0.24724046  0.00000000    0.00286299 -0.00806598
 -0.00286299 -0.00806598    0.00286299  0.00806598    0.32295910  0.00000000
    1    2
  0.03106028  0.05220134    0.16978812 -0.04035489    0.02186348  0.03595069
  0.16978812 -0.04035489    0.03106028  0.05220134   -0.02186348 -0.03595069
  0.02186348  0.03595069   -0.02186348 -0.03595069    0.04634212  0.05356166
    2    1
  0.03106028 -0.05220134    0.16978812  0.04035489    0.02186348 -0.03595069
  0.16978812  0.04035489    0.03106028 -0.05220134   -0.02186348  0.03595069
  0.02186348 -0.03595069   -0.02186348  0.03595069    0.04634212 -0.05356166
    2    2
  0.24724046  0.00000000   -0.00336624  0.00000000   -0.00286299 -0.00806598
 -0.00336624  0.00000000    0.24724046  0.00000000    0.00286299  0.00806598
 -0.00286299  0.00806598    0.00286299 -0.00806598    0.32295910  0.00000000

     Diagonalizing the dynamical matrix

     q = (    0.833333333  -0.166666667   0.833333333 ) 

 **************************************************************************
     freq (    1) =       4.247768 [THz] =     141.690287 [cm-1]
 (  0.499133 -0.029440  0.000000  0.000000 -0.499133  0.029440 ) 
 (  0.500000  0.000000 -0.000000  0.000000 -0.500000  0.000000 ) 
     freq (    2) =       5.532630 [THz] =     184.548687 [cm-1]
 ( -0.393095 -0.285459  0.036799 -0.163174 -0.393095 -0.285459 ) 
 (  0.485809 -0.000000  0.066104 -0.153656  0.485809  0.000000 ) 
     freq (    3) =      10.187552 [THz] =     339.820141 [cm-1]
 (  0.039643 -0.177808 -0.626664 -0.202280  0.039643 -0.177808 ) 
 ( -0.182174 -0.000000 -0.061065 -0.655665 -0.182174  0.000000 ) 
     freq (    4) =      12.392189 [THz] =     413.358933 [cm-1]
 ( -0.266664 -0.042033  0.373003  0.463805 -0.266664 -0.042033 ) 
 ( -0.269957 -0.000000  0.440670 -0.400071 -0.269957  0.000000 ) 
     freq (    5) =      13.717660 [THz] =     457.571872 [cm-1]
 (  0.499133 -0.029440  0.000000 -0.000000 -0.499133  0.029440 ) 
 ( -0.500000 -0.000000 -0.000000  0.000000  0.500000  0.000000 ) 
     freq (    6) =      14.037065 [THz] =     468.226104 [cm-1]
 (  0.317572  0.238901 -0.078874  0.421814  0.317572  0.238901 ) 
 (  0.397399  0.000000  0.190548 -0.384499  0.397399 -0.000000 ) 
 **************************************************************************
