Dynamical matrix file
--                                                                         
  1    2  2 10.2083039  0.0000000  0.0000000  0.0000000  0.0000000  0.0000000
           1  'Si  '    25598.822984527003     
    1    1      0.0000000000      0.0000000000      0.0000000000
    2    1     -0.2500000000      0.2500000000      0.2500000000

     Dynamical  Matrix in cartesian axes

     q = (   -0.166666667   0.500000000  -0.166666667 ) 

    1    1
  0.25762728  0.00000000   -0.00696238 -0.00589421    0.00449587  0.00000000
 -0.00696238  0.00589421    0.29838014  0.00000000   -0.00696238  0.00589421
  0.00449587  0.00000000   -0.00696238 -0.00589421    0.25762728  0.00000000
    1    2
 -0.12818469  0.10777079   -0.04317602 -0.00065433    0.09108191  0.07605281
 -0.04317602 -0.00065433   -0.14053056  0.10866008   -0.04317602 -0.00065433
  0.09108191  0.07605281   -0.04317602 -0.00065433   -0.12818469  0.10777079
    2    1
 -0.12818469 -0.10777079   -0.04317602  0.00065433    0.09108191 -0.07605281
 -0.04317602  0.00065433   -0.14053056 -0.10866008   -0.04317602  0.00065433
  0.09108191 -0.07605281   -0.04317602  0.00065433   -0.12818469 -0.10777079
    2    2
  0.25762728  0.00000000   -0.00696238  0.00589421    0.00449587  0.00000000
 -0.00696238 -0.00589421    0.29838014  0.00000000   -0.00696238 -0.00589421
  0.00449587  0.00000000   -0.00696238  0.00589421    0.25762728  0.00000000

     Dynamical  Matrix in cartesian axes

     q = (    0.166666667   0.500000000   0.166666667 ) 

    1    1
  0.25762728  0.00000000    0.00696238  0.00589421    0.00449587  0.00000000
  0.00696238 -0.00589421    0.29838014  0.00000000    0.00696238 -0.00589421
  0.00449587  0.00000000    0.00696238  0.00589421    0.25762728  0.00000000
    1    2
 -0.12818469  0.10777079    0.04317602  0.00065433    0.09108191  0.07605281
  0.04317602  0.00065433   -0.14053056  0.10866008    0.04317602  0.00065433
  0.09108191  0.07605281    0.04317602  0.00065433   -0.12818469  0.10777079
    2    1
 -0.12818469 -0.10777079    0.04317602 -0.00065433    0.09108191 -0.07605281
  0.04317602 -0.00065433   -0.14053056 -0.10866008    0.04317602 -0.00065433
  0.09108191 -0.07605281    0.04317602 -0.00065433   -0.12818469 -0.10777079
    2    2
  0.25762728  0.00000000    0.00696238 -0.00589421    0.00449587  0.00000000
  0.00696238  0.00589421    0.29838014  0.00000000    0.00696238  0.00589421
  0.00449587  0.00000000    0.00696238 -0.00589421    0.25762728  0.00000000

     Dynamical  Matrix in cartesian axes

     q = (   -0.166666667   0.500000000   0.166666667 ) 

    1    1
  0.25762728  0.00000000   -0.00696238  0.00589421   -0.00449587  0.00000000
 -0.00696238 -0.00589421    0.29838014  0.00000000    0.00696238  0.00589421
 -0.00449587  0.00000000    0.00696238 -0.00589421    0.25762728  0.00000000
    1    2
 -0.02923990  0.16489659    0.02215468  0.03706437    0.11140462  0.04085284
  0.02215468  0.03706437   -0.02383711  0.17603308   -0.02215468 -0.03706437
  0.11140462  0.04085284   -0.02215468 -0.03706437   -0.02923990  0.16489659
    2    1
 -0.02923990 -0.16489659    0.02215468 -0.03706437    0.11140462 -0.04085284
  0.02215468 -0.03706437   -0.02383711 -0.17603308   -0.02215468  0.03706437
  0.11140462 -0.04085284   -0.02215468  0.03706437   -0.02923990 -0.16489659
    2    2
  0.25762728  0.00000000   -0.00696238 -0.00589421   -0.00449587  0.00000000
 -0.00696238  0.00589421    0.29838014  0.00000000    0.00696238 -0.00589421
 -0.00449587  0.00000000    0.00696238  0.00589421    0.25762728  0.00000000

     Dynamical  Matrix in cartesian axes

     q = (    0.166666667   0.500000000  -0.166666667 ) 

    1    1
  0.25762728  0.00000000    0.00696238 -0.00589421   -0.00449587  0.00000000
  0.00696238  0.00589421    0.29838014  0.00000000   -0.00696238 -0.00589421
 -0.00449587  0.00000000   -0.00696238  0.00589421    0.25762728  0.00000000
    1    2
 -0.15742459  0.05712580    0.02102134 -0.03771870    0.02032271  0.11690565
  0.02102134 -0.03771870   -0.16436767  0.06737300   -0.02102134  0.03771870
  0.02032271  0.11690565   -0.02102134  0.03771870   -0.15742459  0.05712580
    2    1
 -0.15742459 -0.05712580    0.02102134  0.03771870    0.02032271 -0.11690565
  0.02102134  0.03771870   -0.16436767 -0.06737300   -0.02102134 -0.03771870
  0.02032271 -0.11690565   -0.02102134 -0.03771870   -0.15742459 -0.05712580
    2    2
  0.25762728  0.00000000    0.00696238  0.00589421   -0.00449587  0.00000000
  0.00696238 -0.00589421    0.29838014  0.00000000   -0.00696238  0.00589421
 -0.00449587  0.00000000   -0.00696238 -0.00589421    0.25762728  0.00000000

     Dynamical  Matrix in cartesian axes

     q = (    0.500000000  -0.166666667   0.166666667 ) 

    1    1
  0.29838014  0.00000000   -0.00696238 -0.00589421    0.00696238  0.00589421
 -0.00696238  0.00589421    0.25762728  0.00000000   -0.00449587  0.00000000
  0.00696238 -0.00589421   -0.00449587  0.00000000    0.25762728  0.00000000
    1    2
 -0.14053056 -0.10866008   -0.04317602  0.00065433    0.04317602 -0.00065433
 -0.04317602  0.00065433   -0.12818469 -0.10777079   -0.09108191  0.07605281
  0.04317602 -0.00065433   -0.09108191  0.07605281   -0.12818469 -0.10777079
    2    1
 -0.14053056  0.10866008   -0.04317602 -0.00065433    0.04317602  0.00065433
 -0.04317602 -0.00065433   -0.12818469  0.10777079   -0.09108191 -0.07605281
  0.04317602  0.00065433   -0.09108191 -0.07605281   -0.12818469  0.10777079
    2    2
  0.29838014  0.00000000   -0.00696238  0.00589421    0.00696238 -0.00589421
 -0.00696238 -0.00589421    0.25762728  0.00000000   -0.00449587  0.00000000
  0.00696238  0.00589421   -0.00449587  0.00000000    0.25762728  0.00000000

     Dynamical  Matrix in cartesian axes

     q = (    0.166666667  -0.166666667   0.500000000 ) 

    1    1
  0.25762728  0.00000000   -0.00449587  0.00000000    0.00696238 -0.00589421
 -0.00449587  0.00000000    0.25762728  0.00000000   -0.00696238  0.00589421
  0.00696238  0.00589421   -0.00696238 -0.00589421    0.29838014  0.00000000
    1    2
 -0.15742459  0.05712580    0.02032271  0.11690565    0.02102134 -0.03771870
  0.02032271  0.11690565   -0.15742459  0.05712580   -0.02102134  0.03771870
  0.02102134 -0.03771870   -0.02102134  0.03771870   -0.16436767  0.06737300
    2    1
 -0.15742459 -0.05712580    0.02032271 -0.11690565    0.02102134  0.03771870
  0.02032271 -0.11690565   -0.15742459 -0.05712580   -0.02102134 -0.03771870
  0.02102134  0.03771870   -0.02102134 -0.03771870   -0.16436767 -0.06737300
    2    2
  0.25762728  0.00000000   -0.00449587  0.00000000    0.00696238  0.00589421
 -0.00449587  0.00000000    0.25762728  0.00000000   -0.00696238 -0.00589421
  0.00696238 -0.00589421   -0.00696238  0.00589421    0.29838014  0.00000000

     Dynamical  Matrix in cartesian axes

     q = (   -0.166666667  -0.500000000  -0.166666667 ) 

    1    1
  0.25762728  0.00000000    0.00696238 -0.00589421    0.00449587  0.00000000
  0.00696238  0.00589421    0.29838014  0.00000000    0.00696238  0.00589421
  0.00449587  0.00000000    0.00696238 -0.00589421    0.25762728  0.00000000
    1    2
 -0.12818469 -0.10777079    0.04317602 -0.00065433    0.09108191 -0.07605281
  0.04317602 -0.00065433   -0.14053056 -0.10866008    0.04317602 -0.00065433
  0.09108191 -0.07605281    0.04317602 -0.00065433   -0.12818469 -0.10777079
    2    1
 -0.12818469  0.10777079    0.04317602  0.00065433    0.09108191  0.07605281
  0.04317602  0.00065433   -0.14053056  0.10866008    0.04317602  0.00065433
  0.09108191  0.07605281    0.04317602  0.00065433   -0.12818469  0.10777079
    2    2
  0.25762728  0.00000000    0.00696238  0.00589421    0.00449587  0.00000000
  0.00696238 -0.00589421    0.29838014  0.00000000    0.00696238 -0.00589421
  0.00449587  0.00000000    0.00696238  0.00589421    0.25762728  0.00000000

     Dynamical  Matrix in cartesian axes

     q = (    0.166666667  -0.500000000  -0.166666667 ) 

    1    1
  0.25762728  0.00000000   -0.00696238 -0.00589421   -0.00449587  0.00000000
 -0.00696238  0.00589421    0.29838014  0.00000000    0.00696238 -0.00589421
 -0.00449587  0.00000000    0.00696238  0.00589421    0.25762728  0.00000000
    1    2
 -0.02923990 -0.16489659    0.02215468 -0.03706437    0.11140462 -0.04085284
  0.02215468 -0.03706437   -0.02383711 -0.17603308   -0.02215468  0.03706437
  0.11140462 -0.04085284   -0.02215468  0.03706437   -0.02923990 -0.16489659
    2    1
 -0.02923990  0.16489659    0.02215468  0.03706437    0.11140462  0.04085284
  0.02215468  0.03706437   -0.02383711  0.17603308   -0.02215468 -0.03706437
  0.11140462  0.04085284   -0.02215468 -0.03706437   -0.02923990  0.16489659
    2    2
  0.25762728  0.00000000   -0.00696238  0.00589421   -0.00449587  0.00000000
 -0.00696238 -0.00589421    0.29838014  0.00000000    0.00696238  0.00589421
 -0.00449587  0.00000000    0.00696238 -0.00589421    0.25762728  0.00000000

     Dynamical  Matrix in cartesian axes

     q = (   -0.166666667  -0.500000000   0.166666667 ) 

    1    1
  0.25762728  0.00000000    0.00696238  0.00589421   -0.00449587  0.00000000
  0.00696238 -0.00589421    0.29838014  0.00000000   -0.00696238  0.00589421
 -0.00449587  0.00000000   -0.00696238 -0.00589421    0.25762728  0.00000000
    1    2
 -0.15742459 -0.05712580    0.02102134  0.03771870    0.02032271 -0.11690565
  0.02102134  0.03771870   -0.16436767 -0.06737300   -0.02102134 -0.03771870
  0.02032271 -0.11690565   -0.02102134 -0.03771870   -0.15742459 -0.05712580
    2    1
 -0.15742459  0.05712580    0.02102134 -0.03771870    0.02032271  0.11690565
  0.02102134 -0.03771870   -0.16436767  0.06737300   -0.02102134  0.03771870
  0.02032271  0.11690565   -0.02102134  0.03771870   -0.15742459  0.05712580
    2    2
  0.25762728  0.00000000    0.00696238 -0.00589421   -0.00449587  0.00000000
  0.00696238  0.00589421    0.29838014  0.00000000   -0.00696238 -0.00589421
 -0.00449587  0.00000000   -0.00696238  0.00589421    0.25762728  0.00000000

     Dynamical  Matrix in cartesian axes

     q = (    0.500000000  -0.166666667  -0.166666667 ) 

    1    1
  0.29838014  0.00000000   -0.00696238  0.00589421   -0.00696238  0.00589421
 -0.00696238 -0.00589421    0.25762728  0.00000000    0.00449587  0.00000000
 -0.00696238 -0.00589421    0.00449587  0.00000000    0.25762728  0.00000000
    1    2
 -0.02383711 -0.17603308    0.02215468 -0.03706437    0.02215468 -0.03706437
  0.02215468 -0.03706437   -0.02923990 -0.16489659   -0.11140462  0.04085284
  0.02215468 -0.03706437   -0.11140462  0.04085284   -0.02923990 -0.16489659
    2    1
 -0.02383711  0.17603308    0.02215468  0.03706437    0.02215468  0.03706437
  0.02215468  0.03706437   -0.02923990  0.16489659   -0.11140462 -0.04085284
  0.02215468  0.03706437   -0.11140462 -0.04085284   -0.02923990  0.16489659
    2    2
  0.29838014  0.00000000   -0.00696238 -0.00589421   -0.00696238 -0.00589421
 -0.00696238  0.00589421    0.25762728  0.00000000    0.00449587  0.00000000
 -0.00696238  0.00589421    0.00449587  0.00000000    0.25762728  0.00000000

     Dynamical  Matrix in cartesian axes

     q = (   -0.500000000  -0.166666667   0.166666667 ) 

    1    1
  0.29838014  0.00000000    0.00696238 -0.00589421   -0.00696238  0.00589421
  0.00696238  0.00589421    0.25762728  0.00000000   -0.00449587  0.00000000
 -0.00696238 -0.00589421   -0.00449587  0.00000000    0.25762728  0.00000000
    1    2
 -0.14053056  0.10866008    0.04317602  0.00065433   -0.04317602 -0.00065433
  0.04317602  0.00065433   -0.12818469  0.10777079   -0.09108191 -0.07605281
 -0.04317602 -0.00065433   -0.09108191 -0.07605281   -0.12818469  0.10777079
    2    1
 -0.14053056 -0.10866008    0.04317602 -0.00065433   -0.04317602  0.00065433
  0.04317602 -0.00065433   -0.12818469 -0.10777079   -0.09108191  0.07605281
 -0.04317602  0.00065433   -0.09108191  0.07605281   -0.12818469 -0.10777079
    2    2
  0.29838014  0.00000000    0.00696238  0.00589421   -0.00696238 -0.00589421
  0.00696238 -0.00589421    0.25762728  0.00000000   -0.00449587  0.00000000
 -0.00696238  0.00589421   -0.00449587  0.00000000    0.25762728  0.00000000

     Dynamical  Matrix in cartesian axes

     q = (    0.500000000   0.166666667   0.166666667 ) 

    1    1
  0.29838014  0.00000000    0.00696238 -0.00589421    0.00696238 -0.00589421
  0.00696238  0.00589421    0.25762728  0.00000000    0.00449587  0.00000000
  0.00696238  0.00589421    0.00449587  0.00000000    0.25762728  0.00000000
    1    2
 -0.16436767 -0.06737300    0.02102134  0.03771870    0.02102134  0.03771870
  0.02102134  0.03771870   -0.15742459 -0.05712580   -0.02032271  0.11690565
  0.02102134  0.03771870   -0.02032271  0.11690565   -0.15742459 -0.05712580
    2    1
 -0.16436767  0.06737300    0.02102134 -0.03771870    0.02102134 -0.03771870
  0.02102134 -0.03771870   -0.15742459  0.05712580   -0.02032271 -0.11690565
  0.02102134 -0.03771870   -0.02032271 -0.11690565   -0.15742459  0.05712580
    2    2
  0.29838014  0.00000000    0.00696238  0.00589421    0.00696238  0.00589421
  0.00696238 -0.00589421    0.25762728  0.00000000    0.00449587  0.00000000
  0.00696238 -0.00589421    0.00449587  0.00000000    0.25762728  0.00000000

     Dynamical  Matrix in cartesian axes

     q = (   -0.166666667   0.166666667  -0.500000000 ) 

    1    1
  0.25762728  0.00000000   -0.00449587  0.00000000    0.00696238  0.00589421
 -0.00449587  0.00000000    0.25762728  0.00000000   -0.00696238 -0.00589421
  0.00696238 -0.00589421   -0.00696238  0.00589421    0.29838014  0.00000000
    1    2
 -0.15742459 -0.05712580    0.02032271 -0.11690565    0.02102134  0.03771870
  0.02032271 -0.11690565   -0.15742459 -0.05712580   -0.02102134 -0.03771870
  0.02102134  0.03771870   -0.02102134 -0.03771870   -0.16436767 -0.06737300
    2    1
 -0.15742459  0.05712580    0.02032271  0.11690565    0.02102134 -0.03771870
  0.02032271  0.11690565   -0.15742459  0.05712580   -0.02102134  0.03771870
  0.02102134 -0.03771870   -0.02102134  0.03771870   -0.16436767  0.06737300
    2    2
  0.25762728  0.00000000   -0.00449587  0.00000000    0.00696238 -0.00589421
 -0.00449587  0.00000000    0.25762728  0.00000000   -0.00696238  0.00589421
  0.00696238  0.00589421   -0.00696238 -0.00589421    0.29838014  0.00000000

     Dynamical  Matrix in cartesian axes

     q = (   -0.166666667  -0.166666667   0.500000000 ) 

    1    1
  0.25762728  0.00000000    0.00449587  0.00000000   -0.00696238 -0.00589421
  0.00449587  0.00000000    0.25762728  0.00000000   -0.00696238 -0.00589421
 -0.00696238  0.00589421   -0.00696238  0.00589421    0.29838014  0.00000000
    1    2
 -0.12818469  0.10777079    0.09108191  0.07605281   -0.04317602 -0.00065433
  0.09108191  0.07605281   -0.12818469  0.10777079   -0.04317602 -0.00065433
 -0.04317602 -0.00065433   -0.04317602 -0.00065433   -0.14053056  0.10866008
    2    1
 -0.12818469 -0.10777079    0.09108191 -0.07605281   -0.04317602  0.00065433
  0.09108191 -0.07605281   -0.12818469 -0.10777079   -0.04317602  0.00065433
 -0.04317602  0.00065433   -0.04317602  0.00065433   -0.14053056 -0.10866008
    2    2
  0.25762728  0.00000000    0.00449587  0.00000000   -0.00696238  0.00589421
  0.00449587  0.00000000    0.25762728  0.00000000   -0.00696238  0.00589421
 -0.00696238 -0.00589421   -0.00696238 -0.00589421    0.29838014  0.00000000

     Dynamical  Matrix in cartesian axes

     q = (    0.166666667   0.166666667   0.500000000 ) 

    1    1
  0.25762728  0.00000000    0.00449587  0.00000000    0.00696238  0.00589421
  0.00449587  0.00000000    0.25762728  0.00000000    0.00696238  0.00589421
  0.00696238 -0.00589421    0.00696238 -0.00589421    0.29838014  0.00000000
    1    2
 -0.12818469  0.10777079    0.09108191  0.07605281    0.04317602  0.00065433
  0.09108191  0.07605281   -0.12818469  0.10777079    0.04317602  0.00065433
  0.04317602  0.00065433    0.04317602  0.00065433   -0.14053056  0.10866008
    2    1
 -0.12818469 -0.10777079    0.09108191 -0.07605281    0.04317602 -0.00065433
  0.09108191 -0.07605281   -0.12818469 -0.10777079    0.04317602 -0.00065433
  0.04317602 -0.00065433    0.04317602 -0.00065433   -0.14053056 -0.10866008
    2    2
  0.25762728  0.00000000    0.00449587  0.00000000    0.00696238 -0.00589421
  0.00449587  0.00000000    0.25762728  0.00000000    0.00696238 -0.00589421
  0.00696238  0.00589421    0.00696238  0.00589421    0.29838014  0.00000000

     Dynamical  Matrix in cartesian axes

     q = (    0.166666667  -0.166666667  -0.500000000 ) 

    1    1
  0.25762728  0.00000000   -0.00449587  0.00000000   -0.00696238 -0.00589421
 -0.00449587  0.00000000    0.25762728  0.00000000    0.00696238  0.00589421
 -0.00696238  0.00589421    0.00696238 -0.00589421    0.29838014  0.00000000
    1    2
 -0.02923990 -0.16489659    0.11140462 -0.04085284    0.02215468 -0.03706437
  0.11140462 -0.04085284   -0.02923990 -0.16489659   -0.02215468  0.03706437
  0.02215468 -0.03706437   -0.02215468  0.03706437   -0.02383711 -0.17603308
    2    1
 -0.02923990  0.16489659    0.11140462  0.04085284    0.02215468  0.03706437
  0.11140462  0.04085284   -0.02923990  0.16489659   -0.02215468 -0.03706437
  0.02215468  0.03706437   -0.02215468 -0.03706437   -0.02383711  0.17603308
    2    2
  0.25762728  0.00000000   -0.00449587  0.00000000   -0.00696238  0.00589421
 -0.00449587  0.00000000    0.25762728  0.00000000    0.00696238 -0.00589421
 -0.00696238 -0.00589421    0.00696238  0.00589421    0.29838014  0.00000000

     Dynamical  Matrix in cartesian axes

     q = (   -0.500000000   0.166666667  -0.166666667 ) 

    1    1
  0.29838014  0.00000000   -0.00696238  0.00589421    0.00696238 -0.00589421
 -0.00696238 -0.00589421    0.25762728  0.00000000   -0.00449587  0.00000000
  0.00696238  0.00589421   -0.00449587  0.00000000    0.25762728  0.00000000
    1    2
 -0.14053056  0.10866008   -0.04317602 -0.00065433    0.04317602  0.00065433
 -0.04317602 -0.00065433   -0.12818469  0.10777079   -0.09108191 -0.07605281
  0.04317602  0.00065433   -0.09108191 -0.07605281   -0.12818469  0.10777079
    2    1
 -0.14053056 -0.10866008   -0.04317602  0.00065433    0.04317602 -0.00065433
 -0.04317602  0.00065433   -0.12818469 -0.10777079   -0.09108191  0.07605281
  0.04317602 -0.00065433   -0.09108191  0.07605281   -0.12818469 -0.10777079
    2    2
  0.29838014  0.00000000   -0.00696238 -0.00589421    0.00696238  0.00589421
 -0.00696238  0.00589421    0.25762728  0.00000000   -0.00449587  0.00000000
  0.00696238 -0.00589421   -0.00449587  0.00000000    0.25762728  0.00000000

     Dynamical  Matrix in cartesian axes

     q = (   -0.500000000  -0.166666667  -0.166666667 ) 

    1    1
  0.29838014  0.00000000    0.00696238  0.00589421    0.00696238  0.00589421
  0.00696238 -0.00589421    0.25762728  0.00000000    0.00449587  0.00000000
  0.00696238 -0.00589421    0.00449587  0.00000000    0.25762728  0.00000000
    1    2
 -0.16436767  0.06737300    0.02102134 -0.03771870    0.02102134 -0.03771870
  0.02102134 -0.03771870   -0.15742459  0.05712580   -0.02032271 -0.11690565
  0.02102134 -0.03771870   -0.02032271 -0.11690565   -0.15742459  0.05712580
    2    1
 -0.16436767 -0.06737300    0.02102134  0.03771870    0.02102134  0.03771870
  0.02102134  0.03771870   -0.15742459 -0.05712580   -0.02032271  0.11690565
  0.02102134  0.03771870   -0.02032271  0.11690565   -0.15742459 -0.05712580
    2    2
  0.29838014  0.00000000    0.00696238 -0.00589421    0.00696238 -0.00589421
  0.00696238  0.00589421    0.25762728  0.00000000    0.00449587  0.00000000
  0.00696238  0.00589421    0.00449587  0.00000000    0.25762728  0.00000000

     Dynamical  Matrix in cartesian axes

     q = (    0.166666667  -0.500000000   0.166666667 ) 

    1    1
  0.25762728  0.00000000   -0.00696238  0.00589421    0.00449587  0.00000000
 -0.00696238 -0.00589421    0.29838014  0.00000000   -0.00696238 -0.00589421
  0.00449587  0.00000000   -0.00696238  0.00589421    0.25762728  0.00000000
    1    2
 -0.12818469 -0.10777079   -0.04317602  0.00065433    0.09108191 -0.07605281
 -0.04317602  0.00065433   -0.14053056 -0.10866008   -0.04317602  0.00065433
  0.09108191 -0.07605281   -0.04317602  0.00065433   -0.12818469 -0.10777079
    2    1
 -0.12818469  0.10777079   -0.04317602 -0.00065433    0.09108191  0.07605281
 -0.04317602 -0.00065433   -0.14053056  0.10866008   -0.04317602 -0.00065433
  0.09108191  0.07605281   -0.04317602 -0.00065433   -0.12818469  0.10777079
    2    2
  0.25762728  0.00000000   -0.00696238 -0.00589421    0.00449587  0.00000000
 -0.00696238  0.00589421    0.29838014  0.00000000   -0.00696238  0.00589421
  0.00449587  0.00000000   -0.00696238 -0.00589421    0.25762728  0.00000000

     Dynamical  Matrix in cartesian axes

     q = (    0.500000000   0.166666667  -0.166666667 ) 

    1    1
  0.29838014  0.00000000    0.00696238  0.00589421   -0.00696238 -0.00589421
  0.00696238 -0.00589421    0.25762728  0.00000000   -0.00449587  0.00000000
 -0.00696238  0.00589421   -0.00449587  0.00000000    0.25762728  0.00000000
    1    2
 -0.14053056 -0.10866008    0.04317602 -0.00065433   -0.04317602  0.00065433
  0.04317602 -0.00065433   -0.12818469 -0.10777079   -0.09108191  0.07605281
 -0.04317602  0.00065433   -0.09108191  0.07605281   -0.12818469 -0.10777079
    2    1
 -0.14053056  0.10866008    0.04317602  0.00065433   -0.04317602 -0.00065433
  0.04317602  0.00065433   -0.12818469  0.10777079   -0.09108191 -0.07605281
 -0.04317602 -0.00065433   -0.09108191 -0.07605281   -0.12818469  0.10777079
    2    2
  0.29838014  0.00000000    0.00696238 -0.00589421   -0.00696238  0.00589421
  0.00696238  0.00589421    0.25762728  0.00000000   -0.00449587  0.00000000
 -0.00696238 -0.00589421   -0.00449587  0.00000000    0.25762728  0.00000000

     Dynamical  Matrix in cartesian axes

     q = (    0.166666667   0.166666667  -0.500000000 ) 

    1    1
  0.25762728  0.00000000    0.00449587  0.00000000   -0.00696238  0.00589421
  0.00449587  0.00000000    0.25762728  0.00000000   -0.00696238  0.00589421
 -0.00696238 -0.00589421   -0.00696238 -0.00589421    0.29838014  0.00000000
    1    2
 -0.12818469 -0.10777079    0.09108191 -0.07605281   -0.04317602  0.00065433
  0.09108191 -0.07605281   -0.12818469 -0.10777079   -0.04317602  0.00065433
 -0.04317602  0.00065433   -0.04317602  0.00065433   -0.14053056 -0.10866008
    2    1
 -0.12818469  0.10777079    0.09108191  0.07605281   -0.04317602 -0.00065433
  0.09108191  0.07605281   -0.12818469  0.10777079   -0.04317602 -0.00065433
 -0.04317602 -0.00065433   -0.04317602 -0.00065433   -0.14053056  0.10866008
    2    2
  0.25762728  0.00000000    0.00449587  0.00000000   -0.00696238 -0.00589421
  0.00449587  0.00000000    0.25762728  0.00000000   -0.00696238 -0.00589421
 -0.00696238  0.00589421   -0.00696238  0.00589421    0.29838014  0.00000000

     Dynamical  Matrix in cartesian axes

     q = (   -0.166666667  -0.166666667  -0.500000000 ) 

    1    1
  0.25762728  0.00000000    0.00449587  0.00000000    0.00696238 -0.00589421
  0.00449587  0.00000000    0.25762728  0.00000000    0.00696238 -0.00589421
  0.00696238  0.00589421    0.00696238  0.00589421    0.29838014  0.00000000
    1    2
 -0.12818469 -0.10777079    0.09108191 -0.07605281    0.04317602 -0.00065433
  0.09108191 -0.07605281   -0.12818469 -0.10777079    0.04317602 -0.00065433
  0.04317602 -0.00065433    0.04317602 -0.00065433   -0.14053056 -0.10866008
    2    1
 -0.12818469  0.10777079    0.09108191  0.07605281    0.04317602  0.00065433
  0.09108191  0.07605281   -0.12818469  0.10777079    0.04317602  0.00065433
  0.04317602  0.00065433    0.04317602  0.00065433   -0.14053056  0.10866008
    2    2
  0.25762728  0.00000000    0.00449587  0.00000000    0.00696238  0.00589421
  0.00449587  0.00000000    0.25762728  0.00000000    0.00696238  0.00589421
  0.00696238 -0.00589421    0.00696238 -0.00589421    0.29838014  0.00000000

     Dynamical  Matrix in cartesian axes

     q = (   -0.500000000   0.166666667   0.166666667 ) 

    1    1
  0.29838014  0.00000000   -0.00696238 -0.00589421   -0.00696238 -0.00589421
 -0.00696238  0.00589421    0.25762728  0.00000000    0.00449587  0.00000000
 -0.00696238  0.00589421    0.00449587  0.00000000    0.25762728  0.00000000
    1    2
 -0.02383711  0.17603308    0.02215468  0.03706437    0.02215468  0.03706437
  0.02215468  0.03706437   -0.02923990  0.16489659   -0.11140462 -0.04085284
  0.02215468  0.03706437   -0.11140462 -0.04085284   -0.02923990  0.16489659
    2    1
 -0.02383711 -0.17603308    0.02215468 -0.03706437    0.02215468 -0.03706437
  0.02215468 -0.03706437   -0.02923990 -0.16489659   -0.11140462  0.04085284
  0.02215468 -0.03706437   -0.11140462  0.04085284   -0.02923990 -0.16489659
    2    2
  0.29838014  0.00000000   -0.00696238  0.00589421   -0.00696238  0.00589421
 -0.00696238 -0.00589421    0.25762728  0.00000000    0.00449587  0.00000000
 -0.00696238 -0.00589421    0.00449587  0.00000000    0.25762728  0.00000000

     Dynamical  Matrix in cartesian axes

     q = (   -0.166666667   0.166666667   0.500000000 ) 

    1    1
  0.25762728  0.00000000   -0.00449587  0.00000000   -0.00696238  0.00589421
 -0.00449587  0.00000000    0.25762728  0.00000000    0.00696238 -0.00589421
 -0.00696238 -0.00589421    0.00696238  0.00589421    0.29838014  0.00000000
    1    2
 -0.02923990  0.16489659    0.11140462  0.04085284    0.02215468  0.03706437
  0.11140462  0.04085284   -0.02923990  0.16489659   -0.02215468 -0.03706437
  0.02215468  0.03706437   -0.02215468 -0.03706437   -0.02383711  0.17603308
    2    1
 -0.02923990 -0.16489659    0.11140462 -0.04085284    0.02215468 -0.03706437
  0.11140462 -0.04085284   -0.02923990 -0.16489659   -0.02215468  0.03706437
  0.02215468 -0.03706437   -0.02215468  0.03706437   -0.02383711 -0.17603308
    2    2
  0.25762728  0.00000000   -0.00449587  0.00000000   -0.00696238 -0.00589421
 -0.00449587  0.00000000    0.25762728  0.00000000    0.00696238  0.00589421
 -0.00696238  0.00589421    0.00696238 -0.00589421    0.29838014  0.00000000

     Diagonalizing the dynamical matrix

     q = (   -0.166666667   0.500000000  -0.166666667 ) 

 **************************************************************************
     freq (    1) =       3.654172 [THz] =     121.890057 [cm-1]
 (  0.494849 -0.071582  0.000000  0.000000 -0.494849  0.071582 ) 
 (  0.500000  0.000000  0.000000  0.000000 -0.500000  0.000000 ) 
     freq (    2) =       4.516378 [THz] =     150.650160 [cm-1]
 ( -0.157654  0.398003 -0.260910  0.255742 -0.157654  0.398003 ) 
 ( -0.428090 -0.000000 -0.333854  0.148389 -0.428090  0.000000 ) 
     freq (    3) =       7.431645 [THz] =     247.892984 [cm-1]
 (  0.118211  0.242544  0.084392 -0.589301  0.118211  0.242544 ) 
 ( -0.269817  0.000000  0.492760 -0.334042 -0.269817  0.000000 ) 
     freq (    4) =      13.723902 [THz] =     457.780080 [cm-1]
 (  0.001801 -0.406155 -0.068615  0.406646  0.001801 -0.406155 ) 
 ( -0.406159  0.000000  0.406947 -0.066812 -0.406159  0.000000 ) 
     freq (    5) =      14.166599 [THz] =     472.546875 [cm-1]
 (  0.494849 -0.071582 -0.000000 -0.000000 -0.494849  0.071582 ) 
 ( -0.500000  0.000000  0.000000 -0.000000  0.500000  0.000000 ) 
     freq (    6) =      14.490816 [THz] =     483.361581 [cm-1]
 ( -0.124061  0.252153 -0.415598  0.411502 -0.124061  0.252153 ) 
 (  0.281020 -0.000000  0.552704 -0.191243  0.281020 -0.000000 ) 
 **************************************************************************
