Dynamical matrix file
--                                                                         
  1    2  2 10.2083039  0.0000000  0.0000000  0.0000000  0.0000000  0.0000000
           1  'Si  '    25598.822984527003     
    1    1      0.0000000000      0.0000000000      0.0000000000
    2    1     -0.2500000000      0.2500000000      0.2500000000

     Dynamical  Matrix in cartesian axes

     q = (    0.500000000  -0.166666667   0.500000000 ) 

    1    1
  0.26736730  0.00000000   -0.00871852 -0.00736659    0.01235935  0.00000000
 -0.00871852  0.00736659    0.28140518  0.00000000   -0.00871852  0.00736659
  0.01235935  0.00000000   -0.00871852 -0.00736659    0.26736730  0.00000000
    1    2
 -0.12829998  0.00527254   -0.04653677  0.07696172    0.09059668 -0.00409314
 -0.04653677  0.07696172   -0.14329258  0.00229221   -0.04653677  0.07696172
  0.09059668 -0.00409314   -0.04653677  0.07696172   -0.12829998  0.00527254
    2    1
 -0.12829998 -0.00527254   -0.04653677 -0.07696172    0.09059668  0.00409314
 -0.04653677 -0.07696172   -0.14329258 -0.00229221   -0.04653677 -0.07696172
  0.09059668  0.00409314   -0.04653677 -0.07696172   -0.12829998 -0.00527254
    2    2
  0.26736730  0.00000000   -0.00871852  0.00736659    0.01235935  0.00000000
 -0.00871852 -0.00736659    0.28140518  0.00000000   -0.00871852 -0.00736659
  0.01235935  0.00000000   -0.00871852  0.00736659    0.26736730  0.00000000

     Dynamical  Matrix in cartesian axes

     q = (   -0.500000000  -0.166666667  -0.500000000 ) 

    1    1
  0.26736730  0.00000000    0.00871852  0.00736659    0.01235935  0.00000000
  0.00871852 -0.00736659    0.28140518  0.00000000    0.00871852 -0.00736659
  0.01235935  0.00000000    0.00871852  0.00736659    0.26736730  0.00000000
    1    2
 -0.12829998  0.00527254    0.04653677 -0.07696172    0.09059668 -0.00409314
  0.04653677 -0.07696172   -0.14329258  0.00229221    0.04653677 -0.07696172
  0.09059668 -0.00409314    0.04653677 -0.07696172   -0.12829998  0.00527254
    2    1
 -0.12829998 -0.00527254    0.04653677  0.07696172    0.09059668  0.00409314
  0.04653677  0.07696172   -0.14329258 -0.00229221    0.04653677  0.07696172
  0.09059668  0.00409314    0.04653677  0.07696172   -0.12829998 -0.00527254
    2    2
  0.26736730  0.00000000    0.00871852 -0.00736659    0.01235935  0.00000000
  0.00871852  0.00736659    0.28140518  0.00000000    0.00871852  0.00736659
  0.01235935  0.00000000    0.00871852 -0.00736659    0.26736730  0.00000000

     Dynamical  Matrix in cartesian axes

     q = (    0.500000000  -0.166666667  -0.500000000 ) 

    1    1
  0.26736730  0.00000000   -0.00871852  0.00736659   -0.01235935  0.00000000
 -0.00871852 -0.00736659    0.28140518  0.00000000    0.00871852  0.00736659
 -0.01235935  0.00000000    0.00871852 -0.00736659    0.26736730  0.00000000
    1    2
  0.06871615 -0.10847478    0.08991919 -0.00182116    0.04884310 -0.07641246
  0.08991919 -0.00182116    0.07363140 -0.12294891   -0.08991919  0.00182116
  0.04884310 -0.07641246   -0.08991919  0.00182116    0.06871615 -0.10847478
    2    1
  0.06871615  0.10847478    0.08991919  0.00182116    0.04884310  0.07641246
  0.08991919  0.00182116    0.07363140  0.12294891   -0.08991919 -0.00182116
  0.04884310  0.07641246   -0.08991919 -0.00182116    0.06871615  0.10847478
    2    2
  0.26736730  0.00000000   -0.00871852 -0.00736659   -0.01235935  0.00000000
 -0.00871852  0.00736659    0.28140518  0.00000000    0.00871852 -0.00736659
 -0.01235935  0.00000000    0.00871852  0.00736659    0.26736730  0.00000000

     Dynamical  Matrix in cartesian axes

     q = (   -0.500000000  -0.166666667   0.500000000 ) 

    1    1
  0.26736730  0.00000000    0.00871852 -0.00736659   -0.01235935  0.00000000
  0.00871852  0.00736659    0.28140518  0.00000000   -0.00871852 -0.00736659
 -0.01235935  0.00000000   -0.00871852  0.00736659    0.26736730  0.00000000
    1    2
 -0.06871615  0.10847478    0.08991919 -0.00182116   -0.04884310  0.07641246
  0.08991919 -0.00182116   -0.07363140  0.12294891   -0.08991919  0.00182116
 -0.04884310  0.07641246   -0.08991919  0.00182116   -0.06871615  0.10847478
    2    1
 -0.06871615 -0.10847478    0.08991919  0.00182116   -0.04884310 -0.07641246
  0.08991919  0.00182116   -0.07363140 -0.12294891   -0.08991919 -0.00182116
 -0.04884310 -0.07641246   -0.08991919 -0.00182116   -0.06871615 -0.10847478
    2    2
  0.26736730  0.00000000    0.00871852  0.00736659   -0.01235935  0.00000000
  0.00871852 -0.00736659    0.28140518  0.00000000   -0.00871852  0.00736659
 -0.01235935  0.00000000   -0.00871852 -0.00736659    0.26736730  0.00000000

     Dynamical  Matrix in cartesian axes

     q = (   -0.166666667   0.500000000  -0.500000000 ) 

    1    1
  0.28140518  0.00000000   -0.00871852 -0.00736659    0.00871852  0.00736659
 -0.00871852  0.00736659    0.26736730  0.00000000   -0.01235935  0.00000000
  0.00871852 -0.00736659   -0.01235935  0.00000000    0.26736730  0.00000000
    1    2
 -0.14329258 -0.00229221   -0.04653677 -0.07696172    0.04653677  0.07696172
 -0.04653677 -0.07696172   -0.12829998 -0.00527254   -0.09059668 -0.00409314
  0.04653677  0.07696172   -0.09059668 -0.00409314   -0.12829998 -0.00527254
    2    1
 -0.14329258  0.00229221   -0.04653677  0.07696172    0.04653677 -0.07696172
 -0.04653677  0.07696172   -0.12829998  0.00527254   -0.09059668  0.00409314
  0.04653677 -0.07696172   -0.09059668  0.00409314   -0.12829998  0.00527254
    2    2
  0.28140518  0.00000000   -0.00871852  0.00736659    0.00871852 -0.00736659
 -0.00871852 -0.00736659    0.26736730  0.00000000   -0.01235935  0.00000000
  0.00871852  0.00736659   -0.01235935  0.00000000    0.26736730  0.00000000

     Dynamical  Matrix in cartesian axes

     q = (   -0.500000000   0.500000000  -0.166666667 ) 

    1    1
  0.26736730  0.00000000   -0.01235935  0.00000000    0.00871852 -0.00736659
 -0.01235935  0.00000000    0.26736730  0.00000000   -0.00871852  0.00736659
  0.00871852  0.00736659   -0.00871852 -0.00736659    0.28140518  0.00000000
    1    2
 -0.06871615  0.10847478   -0.04884310  0.07641246    0.08991919 -0.00182116
 -0.04884310  0.07641246   -0.06871615  0.10847478   -0.08991919  0.00182116
  0.08991919 -0.00182116   -0.08991919  0.00182116   -0.07363140  0.12294891
    2    1
 -0.06871615 -0.10847478   -0.04884310 -0.07641246    0.08991919  0.00182116
 -0.04884310 -0.07641246   -0.06871615 -0.10847478   -0.08991919 -0.00182116
  0.08991919  0.00182116   -0.08991919 -0.00182116   -0.07363140 -0.12294891
    2    2
  0.26736730  0.00000000   -0.01235935  0.00000000    0.00871852  0.00736659
 -0.01235935  0.00000000    0.26736730  0.00000000   -0.00871852 -0.00736659
  0.00871852 -0.00736659   -0.00871852  0.00736659    0.28140518  0.00000000

     Dynamical  Matrix in cartesian axes

     q = (    0.500000000   0.166666667   0.500000000 ) 

    1    1
  0.26736730  0.00000000    0.00871852 -0.00736659    0.01235935  0.00000000
  0.00871852  0.00736659    0.28140518  0.00000000    0.00871852  0.00736659
  0.01235935  0.00000000    0.00871852 -0.00736659    0.26736730  0.00000000
    1    2
 -0.12829998 -0.00527254    0.04653677  0.07696172    0.09059668  0.00409314
  0.04653677  0.07696172   -0.14329258 -0.00229221    0.04653677  0.07696172
  0.09059668  0.00409314    0.04653677  0.07696172   -0.12829998 -0.00527254
    2    1
 -0.12829998  0.00527254    0.04653677 -0.07696172    0.09059668 -0.00409314
  0.04653677 -0.07696172   -0.14329258  0.00229221    0.04653677 -0.07696172
  0.09059668 -0.00409314    0.04653677 -0.07696172   -0.12829998  0.00527254
    2    2
  0.26736730  0.00000000    0.00871852  0.00736659    0.01235935  0.00000000
  0.00871852 -0.00736659    0.28140518  0.00000000    0.00871852 -0.00736659
  0.01235935  0.00000000    0.00871852  0.00736659    0.26736730  0.00000000

     Dynamical  Matrix in cartesian axes

     q = (   -0.500000000   0.166666667   0.500000000 ) 

    1    1
  0.26736730  0.00000000   -0.00871852 -0.00736659   -0.01235935  0.00000000
 -0.00871852  0.00736659    0.28140518  0.00000000    0.00871852 -0.00736659
 -0.01235935  0.00000000    0.00871852  0.00736659    0.26736730  0.00000000
    1    2
  0.06871615  0.10847478    0.08991919  0.00182116    0.04884310  0.07641246
  0.08991919  0.00182116    0.07363140  0.12294891   -0.08991919 -0.00182116
  0.04884310  0.07641246   -0.08991919 -0.00182116    0.06871615  0.10847478
    2    1
  0.06871615 -0.10847478    0.08991919 -0.00182116    0.04884310 -0.07641246
  0.08991919 -0.00182116    0.07363140 -0.12294891   -0.08991919  0.00182116
  0.04884310 -0.07641246   -0.08991919  0.00182116    0.06871615 -0.10847478
    2    2
  0.26736730  0.00000000   -0.00871852  0.00736659   -0.01235935  0.00000000
 -0.00871852 -0.00736659    0.28140518  0.00000000    0.00871852  0.00736659
 -0.01235935  0.00000000    0.00871852 -0.00736659    0.26736730  0.00000000

     Dynamical  Matrix in cartesian axes

     q = (    0.500000000   0.166666667  -0.500000000 ) 

    1    1
  0.26736730  0.00000000    0.00871852  0.00736659   -0.01235935  0.00000000
  0.00871852 -0.00736659    0.28140518  0.00000000   -0.00871852  0.00736659
 -0.01235935  0.00000000   -0.00871852 -0.00736659    0.26736730  0.00000000
    1    2
 -0.06871615 -0.10847478    0.08991919  0.00182116   -0.04884310 -0.07641246
  0.08991919  0.00182116   -0.07363140 -0.12294891   -0.08991919 -0.00182116
 -0.04884310 -0.07641246   -0.08991919 -0.00182116   -0.06871615 -0.10847478
    2    1
 -0.06871615  0.10847478    0.08991919 -0.00182116   -0.04884310  0.07641246
  0.08991919 -0.00182116   -0.07363140  0.12294891   -0.08991919  0.00182116
 -0.04884310  0.07641246   -0.08991919  0.00182116   -0.06871615  0.10847478
    2    2
  0.26736730  0.00000000    0.00871852 -0.00736659   -0.01235935  0.00000000
  0.00871852  0.00736659    0.28140518  0.00000000   -0.00871852 -0.00736659
 -0.01235935  0.00000000   -0.00871852  0.00736659    0.26736730  0.00000000

     Dynamical  Matrix in cartesian axes

     q = (   -0.166666667   0.500000000   0.500000000 ) 

    1    1
  0.28140518  0.00000000   -0.00871852  0.00736659   -0.00871852  0.00736659
 -0.00871852 -0.00736659    0.26736730  0.00000000    0.01235935  0.00000000
 -0.00871852 -0.00736659    0.01235935  0.00000000    0.26736730  0.00000000
    1    2
  0.07363140  0.12294891    0.08991919  0.00182116    0.08991919  0.00182116
  0.08991919  0.00182116    0.06871615  0.10847478   -0.04884310 -0.07641246
  0.08991919  0.00182116   -0.04884310 -0.07641246    0.06871615  0.10847478
    2    1
  0.07363140 -0.12294891    0.08991919 -0.00182116    0.08991919 -0.00182116
  0.08991919 -0.00182116    0.06871615 -0.10847478   -0.04884310  0.07641246
  0.08991919 -0.00182116   -0.04884310  0.07641246    0.06871615 -0.10847478
    2    2
  0.28140518  0.00000000   -0.00871852 -0.00736659   -0.00871852 -0.00736659
 -0.00871852  0.00736659    0.26736730  0.00000000    0.01235935  0.00000000
 -0.00871852  0.00736659    0.01235935  0.00000000    0.26736730  0.00000000

     Dynamical  Matrix in cartesian axes

     q = (    0.166666667   0.500000000  -0.500000000 ) 

    1    1
  0.28140518  0.00000000    0.00871852 -0.00736659   -0.00871852  0.00736659
  0.00871852  0.00736659    0.26736730  0.00000000   -0.01235935  0.00000000
 -0.00871852 -0.00736659   -0.01235935  0.00000000    0.26736730  0.00000000
    1    2
 -0.14329258  0.00229221    0.04653677 -0.07696172   -0.04653677  0.07696172
  0.04653677 -0.07696172   -0.12829998  0.00527254   -0.09059668  0.00409314
 -0.04653677  0.07696172   -0.09059668  0.00409314   -0.12829998  0.00527254
    2    1
 -0.14329258 -0.00229221    0.04653677  0.07696172   -0.04653677 -0.07696172
  0.04653677  0.07696172   -0.12829998 -0.00527254   -0.09059668 -0.00409314
 -0.04653677 -0.07696172   -0.09059668 -0.00409314   -0.12829998 -0.00527254
    2    2
  0.28140518  0.00000000    0.00871852  0.00736659   -0.00871852 -0.00736659
  0.00871852 -0.00736659    0.26736730  0.00000000   -0.01235935  0.00000000
 -0.00871852  0.00736659   -0.01235935  0.00000000    0.26736730  0.00000000

     Dynamical  Matrix in cartesian axes

     q = (   -0.166666667  -0.500000000  -0.500000000 ) 

    1    1
  0.28140518  0.00000000    0.00871852 -0.00736659    0.00871852 -0.00736659
  0.00871852  0.00736659    0.26736730  0.00000000    0.01235935  0.00000000
  0.00871852  0.00736659    0.01235935  0.00000000    0.26736730  0.00000000
    1    2
 -0.07363140 -0.12294891    0.08991919  0.00182116    0.08991919  0.00182116
  0.08991919  0.00182116   -0.06871615 -0.10847478    0.04884310  0.07641246
  0.08991919  0.00182116    0.04884310  0.07641246   -0.06871615 -0.10847478
    2    1
 -0.07363140  0.12294891    0.08991919 -0.00182116    0.08991919 -0.00182116
  0.08991919 -0.00182116   -0.06871615  0.10847478    0.04884310 -0.07641246
  0.08991919 -0.00182116    0.04884310 -0.07641246   -0.06871615  0.10847478
    2    2
  0.28140518  0.00000000    0.00871852  0.00736659    0.00871852  0.00736659
  0.00871852 -0.00736659    0.26736730  0.00000000    0.01235935  0.00000000
  0.00871852 -0.00736659    0.01235935  0.00000000    0.26736730  0.00000000

     Dynamical  Matrix in cartesian axes

     q = (    0.500000000  -0.500000000   0.166666667 ) 

    1    1
  0.26736730  0.00000000   -0.01235935  0.00000000    0.00871852  0.00736659
 -0.01235935  0.00000000    0.26736730  0.00000000   -0.00871852 -0.00736659
  0.00871852 -0.00736659   -0.00871852  0.00736659    0.28140518  0.00000000
    1    2
 -0.06871615 -0.10847478   -0.04884310 -0.07641246    0.08991919  0.00182116
 -0.04884310 -0.07641246   -0.06871615 -0.10847478   -0.08991919 -0.00182116
  0.08991919  0.00182116   -0.08991919 -0.00182116   -0.07363140 -0.12294891
    2    1
 -0.06871615  0.10847478   -0.04884310  0.07641246    0.08991919 -0.00182116
 -0.04884310  0.07641246   -0.06871615  0.10847478   -0.08991919  0.00182116
  0.08991919 -0.00182116   -0.08991919  0.00182116   -0.07363140  0.12294891
    2    2
  0.26736730  0.00000000   -0.01235935  0.00000000    0.00871852 -0.00736659
 -0.01235935  0.00000000    0.26736730  0.00000000   -0.00871852  0.00736659
  0.00871852  0.00736659   -0.00871852 -0.00736659    0.28140518  0.00000000

     Dynamical  Matrix in cartesian axes

     q = (    0.500000000   0.500000000  -0.166666667 ) 

    1    1
  0.26736730  0.00000000    0.01235935  0.00000000   -0.00871852 -0.00736659
  0.01235935  0.00000000    0.26736730  0.00000000   -0.00871852 -0.00736659
 -0.00871852  0.00736659   -0.00871852  0.00736659    0.28140518  0.00000000
    1    2
 -0.12829998  0.00527254    0.09059668 -0.00409314   -0.04653677  0.07696172
  0.09059668 -0.00409314   -0.12829998  0.00527254   -0.04653677  0.07696172
 -0.04653677  0.07696172   -0.04653677  0.07696172   -0.14329258  0.00229221
    2    1
 -0.12829998 -0.00527254    0.09059668  0.00409314   -0.04653677 -0.07696172
  0.09059668  0.00409314   -0.12829998 -0.00527254   -0.04653677 -0.07696172
 -0.04653677 -0.07696172   -0.04653677 -0.07696172   -0.14329258 -0.00229221
    2    2
  0.26736730  0.00000000    0.01235935  0.00000000   -0.00871852  0.00736659
  0.01235935  0.00000000    0.26736730  0.00000000   -0.00871852  0.00736659
 -0.00871852 -0.00736659   -0.00871852 -0.00736659    0.28140518  0.00000000

     Dynamical  Matrix in cartesian axes

     q = (   -0.500000000  -0.500000000  -0.166666667 ) 

    1    1
  0.26736730  0.00000000    0.01235935  0.00000000    0.00871852  0.00736659
  0.01235935  0.00000000    0.26736730  0.00000000    0.00871852  0.00736659
  0.00871852 -0.00736659    0.00871852 -0.00736659    0.28140518  0.00000000
    1    2
 -0.12829998  0.00527254    0.09059668 -0.00409314    0.04653677 -0.07696172
  0.09059668 -0.00409314   -0.12829998  0.00527254    0.04653677 -0.07696172
  0.04653677 -0.07696172    0.04653677 -0.07696172   -0.14329258  0.00229221
    2    1
 -0.12829998 -0.00527254    0.09059668  0.00409314    0.04653677  0.07696172
  0.09059668  0.00409314   -0.12829998 -0.00527254    0.04653677  0.07696172
  0.04653677  0.07696172    0.04653677  0.07696172   -0.14329258 -0.00229221
    2    2
  0.26736730  0.00000000    0.01235935  0.00000000    0.00871852 -0.00736659
  0.01235935  0.00000000    0.26736730  0.00000000    0.00871852 -0.00736659
  0.00871852  0.00736659    0.00871852  0.00736659    0.28140518  0.00000000

     Dynamical  Matrix in cartesian axes

     q = (   -0.500000000   0.500000000   0.166666667 ) 

    1    1
  0.26736730  0.00000000   -0.01235935  0.00000000   -0.00871852 -0.00736659
 -0.01235935  0.00000000    0.26736730  0.00000000    0.00871852  0.00736659
 -0.00871852  0.00736659    0.00871852 -0.00736659    0.28140518  0.00000000
    1    2
  0.06871615  0.10847478    0.04884310  0.07641246    0.08991919  0.00182116
  0.04884310  0.07641246    0.06871615  0.10847478   -0.08991919 -0.00182116
  0.08991919  0.00182116   -0.08991919 -0.00182116    0.07363140  0.12294891
    2    1
  0.06871615 -0.10847478    0.04884310 -0.07641246    0.08991919 -0.00182116
  0.04884310 -0.07641246    0.06871615 -0.10847478   -0.08991919  0.00182116
  0.08991919 -0.00182116   -0.08991919  0.00182116    0.07363140 -0.12294891
    2    2
  0.26736730  0.00000000   -0.01235935  0.00000000   -0.00871852  0.00736659
 -0.01235935  0.00000000    0.26736730  0.00000000    0.00871852 -0.00736659
 -0.00871852 -0.00736659    0.00871852  0.00736659    0.28140518  0.00000000

     Dynamical  Matrix in cartesian axes

     q = (    0.166666667  -0.500000000   0.500000000 ) 

    1    1
  0.28140518  0.00000000   -0.00871852  0.00736659    0.00871852 -0.00736659
 -0.00871852 -0.00736659    0.26736730  0.00000000   -0.01235935  0.00000000
  0.00871852  0.00736659   -0.01235935  0.00000000    0.26736730  0.00000000
    1    2
 -0.14329258  0.00229221   -0.04653677  0.07696172    0.04653677 -0.07696172
 -0.04653677  0.07696172   -0.12829998  0.00527254   -0.09059668  0.00409314
  0.04653677 -0.07696172   -0.09059668  0.00409314   -0.12829998  0.00527254
    2    1
 -0.14329258 -0.00229221   -0.04653677 -0.07696172    0.04653677  0.07696172
 -0.04653677 -0.07696172   -0.12829998 -0.00527254   -0.09059668 -0.00409314
  0.04653677  0.07696172   -0.09059668 -0.00409314   -0.12829998 -0.00527254
    2    2
  0.28140518  0.00000000   -0.00871852 -0.00736659    0.00871852  0.00736659
 -0.00871852  0.00736659    0.26736730  0.00000000   -0.01235935  0.00000000
  0.00871852 -0.00736659   -0.01235935  0.00000000    0.26736730  0.00000000

     Dynamical  Matrix in cartesian axes

     q = (    0.166666667   0.500000000   0.500000000 ) 

    1    1
  0.28140518  0.00000000    0.00871852  0.00736659    0.00871852  0.00736659
  0.00871852 -0.00736659    0.26736730  0.00000000    0.01235935  0.00000000
  0.00871852 -0.00736659    0.01235935  0.00000000    0.26736730  0.00000000
    1    2
 -0.07363140  0.12294891    0.08991919 -0.00182116    0.08991919 -0.00182116
  0.08991919 -0.00182116   -0.06871615  0.10847478    0.04884310 -0.07641246
  0.08991919 -0.00182116    0.04884310 -0.07641246   -0.06871615  0.10847478
    2    1
 -0.07363140 -0.12294891    0.08991919  0.00182116    0.08991919  0.00182116
  0.08991919  0.00182116   -0.06871615 -0.10847478    0.04884310  0.07641246
  0.08991919  0.00182116    0.04884310  0.07641246   -0.06871615 -0.10847478
    2    2
  0.28140518  0.00000000    0.00871852 -0.00736659    0.00871852 -0.00736659
  0.00871852  0.00736659    0.26736730  0.00000000    0.01235935  0.00000000
  0.00871852  0.00736659    0.01235935  0.00000000    0.26736730  0.00000000

     Dynamical  Matrix in cartesian axes

     q = (   -0.500000000   0.166666667  -0.500000000 ) 

    1    1
  0.26736730  0.00000000   -0.00871852  0.00736659    0.01235935  0.00000000
 -0.00871852 -0.00736659    0.28140518  0.00000000   -0.00871852 -0.00736659
  0.01235935  0.00000000   -0.00871852  0.00736659    0.26736730  0.00000000
    1    2
 -0.12829998 -0.00527254   -0.04653677 -0.07696172    0.09059668  0.00409314
 -0.04653677 -0.07696172   -0.14329258 -0.00229221   -0.04653677 -0.07696172
  0.09059668  0.00409314   -0.04653677 -0.07696172   -0.12829998 -0.00527254
    2    1
 -0.12829998  0.00527254   -0.04653677  0.07696172    0.09059668 -0.00409314
 -0.04653677  0.07696172   -0.14329258  0.00229221   -0.04653677  0.07696172
  0.09059668 -0.00409314   -0.04653677  0.07696172   -0.12829998  0.00527254
    2    2
  0.26736730  0.00000000   -0.00871852 -0.00736659    0.01235935  0.00000000
 -0.00871852  0.00736659    0.28140518  0.00000000   -0.00871852  0.00736659
  0.01235935  0.00000000   -0.00871852 -0.00736659    0.26736730  0.00000000

     Dynamical  Matrix in cartesian axes

     q = (   -0.166666667  -0.500000000   0.500000000 ) 

    1    1
  0.28140518  0.00000000    0.00871852  0.00736659   -0.00871852 -0.00736659
  0.00871852 -0.00736659    0.26736730  0.00000000   -0.01235935  0.00000000
 -0.00871852  0.00736659   -0.01235935  0.00000000    0.26736730  0.00000000
    1    2
 -0.14329258 -0.00229221    0.04653677  0.07696172   -0.04653677 -0.07696172
  0.04653677  0.07696172   -0.12829998 -0.00527254   -0.09059668 -0.00409314
 -0.04653677 -0.07696172   -0.09059668 -0.00409314   -0.12829998 -0.00527254
    2    1
 -0.14329258  0.00229221    0.04653677 -0.07696172   -0.04653677  0.07696172
  0.04653677 -0.07696172   -0.12829998  0.00527254   -0.09059668  0.00409314
 -0.04653677  0.07696172   -0.09059668  0.00409314   -0.12829998  0.00527254
    2    2
  0.28140518  0.00000000    0.00871852 -0.00736659   -0.00871852  0.00736659
  0.00871852  0.00736659    0.26736730  0.00000000   -0.01235935  0.00000000
 -0.00871852 -0.00736659   -0.01235935  0.00000000    0.26736730  0.00000000

     Dynamical  Matrix in cartesian axes

     q = (   -0.500000000  -0.500000000   0.166666667 ) 

    1    1
  0.26736730  0.00000000    0.01235935  0.00000000   -0.00871852  0.00736659
  0.01235935  0.00000000    0.26736730  0.00000000   -0.00871852  0.00736659
 -0.00871852 -0.00736659   -0.00871852 -0.00736659    0.28140518  0.00000000
    1    2
 -0.12829998 -0.00527254    0.09059668  0.00409314   -0.04653677 -0.07696172
  0.09059668  0.00409314   -0.12829998 -0.00527254   -0.04653677 -0.07696172
 -0.04653677 -0.07696172   -0.04653677 -0.07696172   -0.14329258 -0.00229221
    2    1
 -0.12829998  0.00527254    0.09059668 -0.00409314   -0.04653677  0.07696172
  0.09059668 -0.00409314   -0.12829998  0.00527254   -0.04653677  0.07696172
 -0.04653677  0.07696172   -0.04653677  0.07696172   -0.14329258  0.00229221
    2    2
  0.26736730  0.00000000    0.01235935  0.00000000   -0.00871852 -0.00736659
  0.01235935  0.00000000    0.26736730  0.00000000   -0.00871852 -0.00736659
 -0.00871852  0.00736659   -0.00871852  0.00736659    0.28140518  0.00000000

     Dynamical  Matrix in cartesian axes

     q = (    0.500000000   0.500000000   0.166666667 ) 

    1    1
  0.26736730  0.00000000    0.01235935  0.00000000    0.00871852 -0.00736659
  0.01235935  0.00000000    0.26736730  0.00000000    0.00871852 -0.00736659
  0.00871852  0.00736659    0.00871852  0.00736659    0.28140518  0.00000000
    1    2
 -0.12829998 -0.00527254    0.09059668  0.00409314    0.04653677  0.07696172
  0.09059668  0.00409314   -0.12829998 -0.00527254    0.04653677  0.07696172
  0.04653677  0.07696172    0.04653677  0.07696172   -0.14329258 -0.00229221
    2    1
 -0.12829998  0.00527254    0.09059668 -0.00409314    0.04653677 -0.07696172
  0.09059668 -0.00409314   -0.12829998  0.00527254    0.04653677 -0.07696172
  0.04653677 -0.07696172    0.04653677 -0.07696172   -0.14329258  0.00229221
    2    2
  0.26736730  0.00000000    0.01235935  0.00000000    0.00871852  0.00736659
  0.01235935  0.00000000    0.26736730  0.00000000    0.00871852  0.00736659
  0.00871852 -0.00736659    0.00871852 -0.00736659    0.28140518  0.00000000

     Dynamical  Matrix in cartesian axes

     q = (    0.166666667  -0.500000000  -0.500000000 ) 

    1    1
  0.28140518  0.00000000   -0.00871852 -0.00736659   -0.00871852 -0.00736659
 -0.00871852  0.00736659    0.26736730  0.00000000    0.01235935  0.00000000
 -0.00871852  0.00736659    0.01235935  0.00000000    0.26736730  0.00000000
    1    2
  0.07363140 -0.12294891    0.08991919 -0.00182116    0.08991919 -0.00182116
  0.08991919 -0.00182116    0.06871615 -0.10847478   -0.04884310  0.07641246
  0.08991919 -0.00182116   -0.04884310  0.07641246    0.06871615 -0.10847478
    2    1
  0.07363140  0.12294891    0.08991919  0.00182116    0.08991919  0.00182116
  0.08991919  0.00182116    0.06871615  0.10847478   -0.04884310 -0.07641246
  0.08991919  0.00182116   -0.04884310 -0.07641246    0.06871615  0.10847478
    2    2
  0.28140518  0.00000000   -0.00871852  0.00736659   -0.00871852  0.00736659
 -0.00871852 -0.00736659    0.26736730  0.00000000    0.01235935  0.00000000
 -0.00871852 -0.00736659    0.01235935  0.00000000    0.26736730  0.00000000

     Dynamical  Matrix in cartesian axes

     q = (    0.500000000  -0.500000000  -0.166666667 ) 

    1    1
  0.26736730  0.00000000   -0.01235935  0.00000000   -0.00871852  0.00736659
 -0.01235935  0.00000000    0.26736730  0.00000000    0.00871852 -0.00736659
 -0.00871852 -0.00736659    0.00871852  0.00736659    0.28140518  0.00000000
    1    2
  0.06871615 -0.10847478    0.04884310 -0.07641246    0.08991919 -0.00182116
  0.04884310 -0.07641246    0.06871615 -0.10847478   -0.08991919  0.00182116
  0.08991919 -0.00182116   -0.08991919  0.00182116    0.07363140 -0.12294891
    2    1
  0.06871615  0.10847478    0.04884310  0.07641246    0.08991919  0.00182116
  0.04884310  0.07641246    0.06871615  0.10847478   -0.08991919 -0.00182116
  0.08991919  0.00182116   -0.08991919 -0.00182116    0.07363140  0.12294891
    2    2
  0.26736730  0.00000000   -0.01235935  0.00000000   -0.00871852 -0.00736659
 -0.01235935  0.00000000    0.26736730  0.00000000    0.00871852  0.00736659
 -0.00871852  0.00736659    0.00871852 -0.00736659    0.28140518  0.00000000

     Diagonalizing the dynamical matrix

     q = (    0.500000000  -0.166666667   0.500000000 ) 

 **************************************************************************
     freq (    1) =       3.896538 [THz] =     129.974515 [cm-1]
 (  0.499543 -0.021373  0.000000  0.000000 -0.499543  0.021373 ) 
 (  0.500000  0.000000  0.000000 -0.000000 -0.500000  0.000000 ) 
     freq (    2) =       5.111799 [THz] =     170.511258 [cm-1]
 ( -0.091191  0.249314 -0.445515  0.400711 -0.091191  0.249314 ) 
 ( -0.265468 -0.000000 -0.529366  0.280758 -0.265468  0.000000 ) 
     freq (    3) =       9.082233 [THz] =     302.950695 [cm-1]
 ( -0.204671 -0.365054  0.001679  0.386896 -0.204671 -0.365054 ) 
 ( -0.418515  0.000000  0.338295 -0.187744 -0.418515  0.000000 ) 
     freq (    4) =      12.481980 [THz] =     416.354048 [cm-1]
 ( -0.309105 -0.315632 -0.082979  0.320586 -0.309105 -0.315632 ) 
 (  0.441780 -0.000000 -0.170985  0.283593  0.441780  0.000000 ) 
     freq (    5) =      14.158011 [THz] =     472.260418 [cm-1]
 (  0.499543 -0.021373 -0.000000  0.000000 -0.499543  0.021373 ) 
 ( -0.500000  0.000000  0.000000 -0.000000  0.500000  0.000000 ) 
     freq (    6) =      14.493807 [THz] =     483.461360 [cm-1]
 (  0.109695  0.217186 -0.332528  0.520596  0.109695  0.217186 ) 
 (  0.243316 -0.000000  0.314773 -0.531519  0.243316  0.000000 ) 
 **************************************************************************
