Dynamical matrix file
--                                                                         
  1    2  2 10.2083039  0.0000000  0.0000000  0.0000000  0.0000000  0.0000000
           1  'Si  '    25598.822984527003     
    1    1      0.0000000000      0.0000000000      0.0000000000
    2    1     -0.2500000000      0.2500000000      0.2500000000

     Dynamical  Matrix in cartesian axes

     q = (    0.000000000   0.333333333   0.000000000 ) 

    1    1
  0.25929185  0.00000000    0.00000000  0.00000000   -0.00000000  0.00000000
  0.00000000  0.00000000    0.29453626  0.00000000   -0.00000000  0.00000000
 -0.00000000  0.00000000    0.00000000  0.00000000    0.25929185  0.00000000
    1    2
 -0.19329497  0.11159890    0.00000000  0.00000000    0.04175015  0.07231338
  0.00000000  0.00000000   -0.20530565  0.11853327   -0.00000000 -0.00000000
  0.04175015  0.07231338    0.00000000  0.00000000   -0.19329497  0.11159890
    2    1
 -0.19329497 -0.11159890    0.00000000  0.00000000    0.04175015 -0.07231338
  0.00000000 -0.00000000   -0.20530565 -0.11853327    0.00000000 -0.00000000
  0.04175015 -0.07231338    0.00000000  0.00000000   -0.19329497 -0.11159890
    2    2
  0.25929185  0.00000000    0.00000000  0.00000000   -0.00000000 -0.00000000
  0.00000000  0.00000000    0.29453626  0.00000000   -0.00000000  0.00000000
 -0.00000000 -0.00000000    0.00000000  0.00000000    0.25929185  0.00000000

     Dynamical  Matrix in cartesian axes

     q = (    0.333333333   0.000000000   0.000000000 ) 

    1    1
  0.29453626  0.00000000    0.00000000  0.00000000   -0.00000000  0.00000000
  0.00000000  0.00000000    0.25929185  0.00000000   -0.00000000  0.00000000
 -0.00000000  0.00000000    0.00000000  0.00000000    0.25929185  0.00000000
    1    2
 -0.20530565 -0.11853327    0.00000000  0.00000000    0.00000000 -0.00000000
  0.00000000  0.00000000   -0.19329497 -0.11159890   -0.04175015  0.07231338
 -0.00000000 -0.00000000   -0.04175015  0.07231338   -0.19329497 -0.11159890
    2    1
 -0.20530565  0.11853327    0.00000000  0.00000000    0.00000000  0.00000000
  0.00000000  0.00000000   -0.19329497  0.11159890   -0.04175015 -0.07231338
  0.00000000  0.00000000   -0.04175015 -0.07231338   -0.19329497  0.11159890
    2    2
  0.29453626  0.00000000   -0.00000000  0.00000000   -0.00000000  0.00000000
 -0.00000000  0.00000000    0.25929185  0.00000000   -0.00000000 -0.00000000
  0.00000000  0.00000000    0.00000000 -0.00000000    0.25929185  0.00000000

     Dynamical  Matrix in cartesian axes

     q = (    0.000000000   0.000000000   0.333333333 ) 

    1    1
  0.25929185  0.00000000    0.00000000  0.00000000   -0.00000000  0.00000000
 -0.00000000  0.00000000    0.25929185  0.00000000   -0.00000000  0.00000000
 -0.00000000  0.00000000    0.00000000  0.00000000    0.29453626  0.00000000
    1    2
 -0.19329497  0.11159890    0.04175015  0.07231338    0.00000000  0.00000000
  0.04175015  0.07231338   -0.19329497  0.11159890   -0.00000000 -0.00000000
  0.00000000 -0.00000000   -0.00000000 -0.00000000   -0.20530565  0.11853327
    2    1
 -0.19329497 -0.11159890    0.04175015 -0.07231338    0.00000000  0.00000000
  0.04175015 -0.07231338   -0.19329497 -0.11159890    0.00000000  0.00000000
  0.00000000 -0.00000000   -0.00000000  0.00000000   -0.20530565 -0.11853327
    2    2
  0.25929185  0.00000000    0.00000000 -0.00000000   -0.00000000  0.00000000
  0.00000000 -0.00000000    0.25929185  0.00000000   -0.00000000  0.00000000
 -0.00000000  0.00000000    0.00000000  0.00000000    0.29453626  0.00000000

     Dynamical  Matrix in cartesian axes

     q = (    0.000000000  -0.333333333   0.000000000 ) 

    1    1
  0.25929185  0.00000000   -0.00000000  0.00000000   -0.00000000 -0.00000000
 -0.00000000  0.00000000    0.29453626  0.00000000   -0.00000000  0.00000000
  0.00000000 -0.00000000    0.00000000  0.00000000    0.25929185  0.00000000
    1    2
 -0.19329497 -0.11159890    0.00000000 -0.00000000    0.04175015 -0.07231338
  0.00000000 -0.00000000   -0.20530565 -0.11853327    0.00000000 -0.00000000
  0.04175015 -0.07231338    0.00000000 -0.00000000   -0.19329497 -0.11159890
    2    1
 -0.19329497  0.11159890    0.00000000  0.00000000    0.04175015  0.07231338
  0.00000000  0.00000000   -0.20530565  0.11853327    0.00000000 -0.00000000
  0.04175015  0.07231338    0.00000000 -0.00000000   -0.19329497  0.11159890
    2    2
  0.25929185  0.00000000   -0.00000000  0.00000000    0.00000000  0.00000000
  0.00000000  0.00000000    0.29453626  0.00000000    0.00000000  0.00000000
 -0.00000000  0.00000000    0.00000000  0.00000000    0.25929185  0.00000000

     Dynamical  Matrix in cartesian axes

     q = (   -0.333333333   0.000000000   0.000000000 ) 

    1    1
  0.29453626  0.00000000   -0.00000000  0.00000000   -0.00000000  0.00000000
 -0.00000000  0.00000000    0.25929185  0.00000000   -0.00000000 -0.00000000
  0.00000000  0.00000000    0.00000000 -0.00000000    0.25929185  0.00000000
    1    2
 -0.20530565  0.11853327    0.00000000  0.00000000    0.00000000  0.00000000
  0.00000000  0.00000000   -0.19329497  0.11159890   -0.04175015 -0.07231338
  0.00000000  0.00000000   -0.04175015 -0.07231338   -0.19329497  0.11159890
    2    1
 -0.20530565 -0.11853327    0.00000000 -0.00000000   -0.00000000 -0.00000000
 -0.00000000 -0.00000000   -0.19329497 -0.11159890   -0.04175015  0.07231338
  0.00000000  0.00000000   -0.04175015  0.07231338   -0.19329497 -0.11159890
    2    2
  0.29453626  0.00000000    0.00000000  0.00000000   -0.00000000  0.00000000
  0.00000000  0.00000000    0.25929185  0.00000000   -0.00000000  0.00000000
 -0.00000000  0.00000000    0.00000000  0.00000000    0.25929185  0.00000000

     Dynamical  Matrix in cartesian axes

     q = (    0.000000000   0.000000000  -0.333333333 ) 

    1    1
  0.25929185  0.00000000    0.00000000 -0.00000000   -0.00000000  0.00000000
  0.00000000 -0.00000000    0.25929185  0.00000000   -0.00000000  0.00000000
 -0.00000000  0.00000000    0.00000000  0.00000000    0.29453626  0.00000000
    1    2
 -0.19329497 -0.11159890    0.04175015 -0.07231338    0.00000000  0.00000000
  0.04175015 -0.07231338   -0.19329497 -0.11159890    0.00000000  0.00000000
  0.00000000  0.00000000   -0.00000000  0.00000000   -0.20530565 -0.11853327
    2    1
 -0.19329497  0.11159890    0.04175015  0.07231338    0.00000000  0.00000000
  0.04175015  0.07231338   -0.19329497  0.11159890   -0.00000000  0.00000000
  0.00000000  0.00000000    0.00000000  0.00000000   -0.20530565  0.11853327
    2    2
  0.25929185  0.00000000    0.00000000  0.00000000   -0.00000000  0.00000000
  0.00000000  0.00000000    0.25929185  0.00000000   -0.00000000  0.00000000
 -0.00000000  0.00000000    0.00000000  0.00000000    0.29453626  0.00000000

     Diagonalizing the dynamical matrix

     q = (    0.000000000   0.333333333   0.000000000 ) 

 **************************************************************************
     freq (    1) =       2.978739 [THz] =      99.360044 [cm-1]
 (  0.016710  0.373421  0.000000 -0.000000 -0.484593  0.354185 ) 
 ( -0.183898  0.101615  0.000000 -0.000000 -0.675171  0.000000 ) 
     freq (    2) =       2.978739 [THz] =      99.360044 [cm-1]
 ( -0.363228  0.477852 -0.000000 -0.000000  0.373041  0.023724 ) 
 ( -0.590956  0.326539  0.000000 -0.000000  0.210105  0.000000 ) 
     freq (    3) =       4.929292 [THz] =     164.423487 [cm-1]
 (  0.000000 -0.000000  0.375274 -0.599307  0.000000 -0.000000 ) 
 (  0.000000  0.000000  0.624651 -0.331378  0.000000 -0.000000 ) 
     freq (    4) =      14.504545 [THz] =     483.819547 [cm-1]
 (  0.280365 -0.544117 -0.000000  0.000000 -0.353550 -0.018290 ) 
 ( -0.549712  0.414129  0.000000 -0.000000  0.162214  0.000000 ) 
     freq (    5) =      14.504545 [THz] =     483.819547 [cm-1]
 (  0.061197  0.348693 -0.000000 -0.000000 -0.505937  0.344523 ) 
 (  0.129562 -0.097607  0.000000  0.000000  0.688249  0.000000 ) 
     freq (    6) =      14.991969 [THz] =     500.078247 [cm-1]
 ( -0.000000  0.000000 -0.375274  0.599307  0.000000  0.000000 ) 
 (  0.000000 -0.000000  0.624651 -0.331378 -0.000000  0.000000 ) 
 **************************************************************************
