Dynamical matrix file
--                                                                         
  1    2  2 10.2083039  0.0000000  0.0000000  0.0000000  0.0000000  0.0000000
           1  'Si  '    25598.822984527003     
    1    1      0.0000000000      0.0000000000      0.0000000000
    2    1     -0.2500000000      0.2500000000      0.2500000000

     Dynamical  Matrix in cartesian axes

     q = (    0.500000000  -0.166666667   0.833333333 ) 

    1    1
  0.24812992  0.00000000   -0.00547800 -0.00108713    0.00547800 -0.00108713
 -0.00547800  0.00108713    0.27720525  0.00000000   -0.00380935  0.01609285
  0.00547800  0.00108713   -0.00380935 -0.01609285    0.27720525  0.00000000
    1    2
 -0.03024242  0.05238142    0.02042300  0.11864305    0.11295939 -0.04163469
  0.02042300  0.11864305   -0.03748887  0.05659333   -0.02344039  0.04059994
  0.11295939 -0.04163469   -0.02344039  0.04059994   -0.03026682  0.06076298
    2    1
 -0.03024242 -0.05238142    0.02042300 -0.11864305    0.11295939  0.04163469
  0.02042300 -0.11864305   -0.03748887 -0.05659333   -0.02344039 -0.04059994
  0.11295939  0.04163469   -0.02344039 -0.04059994   -0.03026682 -0.06076298
    2    2
  0.24812992  0.00000000   -0.00547800  0.00108713    0.00547800  0.00108713
 -0.00547800 -0.00108713    0.27720525  0.00000000   -0.00380935 -0.01609285
  0.00547800 -0.00108713   -0.00380935  0.01609285    0.27720525  0.00000000

     Dynamical  Matrix in cartesian axes

     q = (    0.833333333   0.166666667   0.500000000 ) 

    1    1
  0.27720525  0.00000000    0.00380935 -0.01609285    0.00547800 -0.00108713
  0.00380935  0.01609285    0.27720525  0.00000000    0.00547800  0.00108713
  0.00547800  0.00108713    0.00547800 -0.00108713    0.24812992  0.00000000
    1    2
 -0.03026682 -0.06076298    0.02344039  0.04059994    0.11295939  0.04163469
  0.02344039  0.04059994   -0.03748887 -0.05659333   -0.02042300  0.11864305
  0.11295939  0.04163469   -0.02042300  0.11864305   -0.03024242 -0.05238142
    2    1
 -0.03026682  0.06076298    0.02344039 -0.04059994    0.11295939 -0.04163469
  0.02344039 -0.04059994   -0.03748887  0.05659333   -0.02042300 -0.11864305
  0.11295939 -0.04163469   -0.02042300 -0.11864305   -0.03024242  0.05238142
    2    2
  0.27720525  0.00000000    0.00380935  0.01609285    0.00547800  0.00108713
  0.00380935 -0.01609285    0.27720525  0.00000000    0.00547800 -0.00108713
  0.00547800 -0.00108713    0.00547800  0.00108713    0.24812992  0.00000000

     Dynamical  Matrix in cartesian axes

     q = (    0.500000000   0.166666667   0.833333333 ) 

    1    1
  0.24812992  0.00000000    0.00547800 -0.00108713    0.00547800  0.00108713
  0.00547800  0.00108713    0.27720525  0.00000000    0.00380935  0.01609285
  0.00547800 -0.00108713    0.00380935 -0.01609285    0.27720525  0.00000000
    1    2
 -0.06048485  0.00000000    0.09253639  0.07700836    0.09253639 -0.07700836
  0.09253639  0.07700836   -0.06775569  0.00416965    0.04688077  0.00000000
  0.09253639 -0.07700836    0.04688077  0.00000000   -0.06775569 -0.00416965
    2    1
 -0.06048485 -0.00000000    0.09253639 -0.07700836    0.09253639  0.07700836
  0.09253639 -0.07700836   -0.06775569 -0.00416965    0.04688077  0.00000000
  0.09253639  0.07700836    0.04688077  0.00000000   -0.06775569  0.00416965
    2    2
  0.24812992  0.00000000    0.00547800  0.00108713    0.00547800 -0.00108713
  0.00547800 -0.00108713    0.27720525  0.00000000    0.00380935 -0.01609285
  0.00547800  0.00108713    0.00380935  0.01609285    0.27720525  0.00000000

     Dynamical  Matrix in cartesian axes

     q = (   -0.833333333  -0.166666667   0.500000000 ) 

    1    1
  0.27720525  0.00000000    0.00380935 -0.01609285   -0.00547800  0.00108713
  0.00380935  0.01609285    0.27720525  0.00000000   -0.00547800 -0.00108713
 -0.00547800 -0.00108713   -0.00547800  0.00108713    0.24812992  0.00000000
    1    2
 -0.03748887  0.05659333    0.02344039 -0.04059994    0.02042300  0.11864305
  0.02344039 -0.04059994   -0.03026682  0.06076298   -0.11295939  0.04163469
  0.02042300  0.11864305   -0.11295939  0.04163469   -0.03024242  0.05238142
    2    1
 -0.03748887 -0.05659333    0.02344039  0.04059994    0.02042300 -0.11864305
  0.02344039  0.04059994   -0.03026682 -0.06076298   -0.11295939 -0.04163469
  0.02042300 -0.11864305   -0.11295939 -0.04163469   -0.03024242 -0.05238142
    2    2
  0.27720525  0.00000000    0.00380935  0.01609285   -0.00547800 -0.00108713
  0.00380935 -0.01609285    0.27720525  0.00000000   -0.00547800  0.00108713
 -0.00547800  0.00108713   -0.00547800 -0.00108713    0.24812992  0.00000000

     Dynamical  Matrix in cartesian axes

     q = (   -0.833333333  -0.166666667  -0.500000000 ) 

    1    1
  0.27720525  0.00000000    0.00380935  0.01609285    0.00547800  0.00108713
  0.00380935 -0.01609285    0.27720525  0.00000000    0.00547800 -0.00108713
  0.00547800 -0.00108713    0.00547800  0.00108713    0.24812992  0.00000000
    1    2
 -0.03026682  0.06076298    0.02344039 -0.04059994    0.11295939 -0.04163469
  0.02344039 -0.04059994   -0.03748887  0.05659333   -0.02042300 -0.11864305
  0.11295939 -0.04163469   -0.02042300 -0.11864305   -0.03024242  0.05238142
    2    1
 -0.03026682 -0.06076298    0.02344039  0.04059994    0.11295939  0.04163469
  0.02344039  0.04059994   -0.03748887 -0.05659333   -0.02042300  0.11864305
  0.11295939  0.04163469   -0.02042300  0.11864305   -0.03024242 -0.05238142
    2    2
  0.27720525  0.00000000    0.00380935 -0.01609285    0.00547800 -0.00108713
  0.00380935  0.01609285    0.27720525  0.00000000    0.00547800  0.00108713
  0.00547800  0.00108713    0.00547800 -0.00108713    0.24812992  0.00000000

     Dynamical  Matrix in cartesian axes

     q = (   -0.500000000  -0.166666667  -0.833333333 ) 

    1    1
  0.24812992  0.00000000    0.00547800  0.00108713    0.00547800 -0.00108713
  0.00547800 -0.00108713    0.27720525  0.00000000    0.00380935 -0.01609285
  0.00547800  0.00108713    0.00380935  0.01609285    0.27720525  0.00000000
    1    2
 -0.06048485 -0.00000000    0.09253639 -0.07700836    0.09253639  0.07700836
  0.09253639 -0.07700836   -0.06775569 -0.00416965    0.04688077  0.00000000
  0.09253639  0.07700836    0.04688077  0.00000000   -0.06775569  0.00416965
    2    1
 -0.06048485  0.00000000    0.09253639  0.07700836    0.09253639 -0.07700836
  0.09253639  0.07700836   -0.06775569  0.00416965    0.04688077  0.00000000
  0.09253639 -0.07700836    0.04688077  0.00000000   -0.06775569 -0.00416965
    2    2
  0.24812992  0.00000000    0.00547800 -0.00108713    0.00547800  0.00108713
  0.00547800  0.00108713    0.27720525  0.00000000    0.00380935  0.01609285
  0.00547800 -0.00108713    0.00380935 -0.01609285    0.27720525  0.00000000

     Dynamical  Matrix in cartesian axes

     q = (    0.833333333  -0.166666667   0.500000000 ) 

    1    1
  0.27720525  0.00000000   -0.00380935 -0.01609285    0.00547800  0.00108713
 -0.00380935  0.01609285    0.27720525  0.00000000   -0.00547800  0.00108713
  0.00547800 -0.00108713   -0.00547800 -0.00108713    0.24812992  0.00000000
    1    2
 -0.06775569  0.00416965   -0.04688077  0.00000000    0.09253639  0.07700836
 -0.04688077  0.00000000   -0.06775569 -0.00416965   -0.09253639  0.07700836
  0.09253639  0.07700836   -0.09253639  0.07700836   -0.06048485 -0.00000000
    2    1
 -0.06775569 -0.00416965   -0.04688077  0.00000000    0.09253639 -0.07700836
 -0.04688077  0.00000000   -0.06775569  0.00416965   -0.09253639 -0.07700836
  0.09253639 -0.07700836   -0.09253639 -0.07700836   -0.06048485  0.00000000
    2    2
  0.27720525  0.00000000   -0.00380935  0.01609285    0.00547800 -0.00108713
 -0.00380935 -0.01609285    0.27720525  0.00000000   -0.00547800 -0.00108713
  0.00547800  0.00108713   -0.00547800  0.00108713    0.24812992  0.00000000

     Dynamical  Matrix in cartesian axes

     q = (   -0.500000000  -0.166666667   0.833333333 ) 

    1    1
  0.24812992  0.00000000    0.00547800 -0.00108713   -0.00547800 -0.00108713
  0.00547800  0.00108713    0.27720525  0.00000000   -0.00380935 -0.01609285
 -0.00547800  0.00108713   -0.00380935  0.01609285    0.27720525  0.00000000
    1    2
 -0.03024242  0.05238142    0.11295939 -0.04163469    0.02042300  0.11864305
  0.11295939 -0.04163469   -0.03026682  0.06076298   -0.02344039  0.04059994
  0.02042300  0.11864305   -0.02344039  0.04059994   -0.03748887  0.05659333
    2    1
 -0.03024242 -0.05238142    0.11295939  0.04163469    0.02042300 -0.11864305
  0.11295939  0.04163469   -0.03026682 -0.06076298   -0.02344039 -0.04059994
  0.02042300 -0.11864305   -0.02344039 -0.04059994   -0.03748887 -0.05659333
    2    2
  0.24812992  0.00000000    0.00547800  0.00108713   -0.00547800  0.00108713
  0.00547800 -0.00108713    0.27720525  0.00000000   -0.00380935  0.01609285
 -0.00547800 -0.00108713   -0.00380935 -0.01609285    0.27720525  0.00000000

     Dynamical  Matrix in cartesian axes

     q = (   -0.833333333   0.166666667   0.500000000 ) 

    1    1
  0.27720525  0.00000000   -0.00380935 -0.01609285   -0.00547800 -0.00108713
 -0.00380935  0.01609285    0.27720525  0.00000000    0.00547800 -0.00108713
 -0.00547800  0.00108713    0.00547800  0.00108713    0.24812992  0.00000000
    1    2
  0.06775569 -0.00416965    0.04688077  0.00000000    0.09253639  0.07700836
  0.04688077 -0.00000000    0.06775569  0.00416965   -0.09253639  0.07700836
  0.09253639  0.07700836   -0.09253639  0.07700836    0.06048485 -0.00000000
    2    1
  0.06775569  0.00416965    0.04688077 -0.00000000    0.09253639 -0.07700836
  0.04688077  0.00000000    0.06775569 -0.00416965   -0.09253639 -0.07700836
  0.09253639 -0.07700836   -0.09253639 -0.07700836    0.06048485  0.00000000
    2    2
  0.27720525  0.00000000   -0.00380935  0.01609285   -0.00547800  0.00108713
 -0.00380935 -0.01609285    0.27720525  0.00000000    0.00547800  0.00108713
 -0.00547800 -0.00108713    0.00547800 -0.00108713    0.24812992  0.00000000

     Dynamical  Matrix in cartesian axes

     q = (    0.833333333   0.166666667  -0.500000000 ) 

    1    1
  0.27720525  0.00000000    0.00380935  0.01609285   -0.00547800 -0.00108713
  0.00380935 -0.01609285    0.27720525  0.00000000   -0.00547800  0.00108713
 -0.00547800  0.00108713   -0.00547800 -0.00108713    0.24812992  0.00000000
    1    2
 -0.03748887 -0.05659333    0.02344039  0.04059994    0.02042300 -0.11864305
  0.02344039  0.04059994   -0.03026682 -0.06076298   -0.11295939 -0.04163469
  0.02042300 -0.11864305   -0.11295939 -0.04163469   -0.03024242 -0.05238142
    2    1
 -0.03748887  0.05659333    0.02344039 -0.04059994    0.02042300  0.11864305
  0.02344039 -0.04059994   -0.03026682  0.06076298   -0.11295939  0.04163469
  0.02042300  0.11864305   -0.11295939  0.04163469   -0.03024242  0.05238142
    2    2
  0.27720525  0.00000000    0.00380935 -0.01609285   -0.00547800  0.00108713
  0.00380935  0.01609285    0.27720525  0.00000000   -0.00547800 -0.00108713
 -0.00547800 -0.00108713   -0.00547800  0.00108713    0.24812992  0.00000000

     Dynamical  Matrix in cartesian axes

     q = (    0.833333333  -0.166666667  -0.500000000 ) 

    1    1
  0.27720525  0.00000000   -0.00380935  0.01609285   -0.00547800  0.00108713
 -0.00380935 -0.01609285    0.27720525  0.00000000    0.00547800  0.00108713
 -0.00547800 -0.00108713    0.00547800 -0.00108713    0.24812992  0.00000000
    1    2
  0.06775569  0.00416965    0.04688077 -0.00000000    0.09253639 -0.07700836
  0.04688077  0.00000000    0.06775569 -0.00416965   -0.09253639 -0.07700836
  0.09253639 -0.07700836   -0.09253639 -0.07700836    0.06048485  0.00000000
    2    1
  0.06775569 -0.00416965    0.04688077  0.00000000    0.09253639  0.07700836
  0.04688077 -0.00000000    0.06775569  0.00416965   -0.09253639  0.07700836
  0.09253639  0.07700836   -0.09253639  0.07700836    0.06048485 -0.00000000
    2    2
  0.27720525  0.00000000   -0.00380935 -0.01609285   -0.00547800 -0.00108713
 -0.00380935  0.01609285    0.27720525  0.00000000    0.00547800 -0.00108713
 -0.00547800  0.00108713    0.00547800  0.00108713    0.24812992  0.00000000

     Dynamical  Matrix in cartesian axes

     q = (    0.500000000   0.166666667  -0.833333333 ) 

    1    1
  0.24812992  0.00000000    0.00547800  0.00108713   -0.00547800  0.00108713
  0.00547800 -0.00108713    0.27720525  0.00000000   -0.00380935  0.01609285
 -0.00547800 -0.00108713   -0.00380935 -0.01609285    0.27720525  0.00000000
    1    2
 -0.03024242 -0.05238142    0.11295939  0.04163469    0.02042300 -0.11864305
  0.11295939  0.04163469   -0.03026682 -0.06076298   -0.02344039 -0.04059994
  0.02042300 -0.11864305   -0.02344039 -0.04059994   -0.03748887 -0.05659333
    2    1
 -0.03024242  0.05238142    0.11295939 -0.04163469    0.02042300  0.11864305
  0.11295939 -0.04163469   -0.03026682  0.06076298   -0.02344039  0.04059994
  0.02042300  0.11864305   -0.02344039  0.04059994   -0.03748887  0.05659333
    2    2
  0.24812992  0.00000000    0.00547800 -0.00108713   -0.00547800 -0.00108713
  0.00547800  0.00108713    0.27720525  0.00000000   -0.00380935 -0.01609285
 -0.00547800  0.00108713   -0.00380935  0.01609285    0.27720525  0.00000000

     Dynamical  Matrix in cartesian axes

     q = (   -0.500000000   0.166666667   0.833333333 ) 

    1    1
  0.24812992  0.00000000   -0.00547800 -0.00108713   -0.00547800  0.00108713
 -0.00547800  0.00108713    0.27720525  0.00000000    0.00380935 -0.01609285
 -0.00547800 -0.00108713    0.00380935  0.01609285    0.27720525  0.00000000
    1    2
  0.06048485 -0.00000000    0.09253639 -0.07700836    0.09253639  0.07700836
  0.09253639 -0.07700836    0.06775569  0.00416965   -0.04688077  0.00000000
  0.09253639  0.07700836   -0.04688077  0.00000000    0.06775569 -0.00416965
    2    1
  0.06048485  0.00000000    0.09253639  0.07700836    0.09253639 -0.07700836
  0.09253639  0.07700836    0.06775569 -0.00416965   -0.04688077 -0.00000000
  0.09253639 -0.07700836   -0.04688077  0.00000000    0.06775569  0.00416965
    2    2
  0.24812992  0.00000000   -0.00547800  0.00108713   -0.00547800 -0.00108713
 -0.00547800 -0.00108713    0.27720525  0.00000000    0.00380935  0.01609285
 -0.00547800  0.00108713    0.00380935 -0.01609285    0.27720525  0.00000000

     Dynamical  Matrix in cartesian axes

     q = (   -0.500000000   0.166666667  -0.833333333 ) 

    1    1
  0.24812992  0.00000000   -0.00547800  0.00108713    0.00547800  0.00108713
 -0.00547800 -0.00108713    0.27720525  0.00000000   -0.00380935 -0.01609285
  0.00547800 -0.00108713   -0.00380935  0.01609285    0.27720525  0.00000000
    1    2
 -0.03024242 -0.05238142    0.02042300 -0.11864305    0.11295939  0.04163469
  0.02042300 -0.11864305   -0.03748887 -0.05659333   -0.02344039 -0.04059994
  0.11295939  0.04163469   -0.02344039 -0.04059994   -0.03026682 -0.06076298
    2    1
 -0.03024242  0.05238142    0.02042300  0.11864305    0.11295939 -0.04163469
  0.02042300  0.11864305   -0.03748887  0.05659333   -0.02344039  0.04059994
  0.11295939 -0.04163469   -0.02344039  0.04059994   -0.03026682  0.06076298
    2    2
  0.24812992  0.00000000   -0.00547800 -0.00108713    0.00547800 -0.00108713
 -0.00547800  0.00108713    0.27720525  0.00000000   -0.00380935  0.01609285
  0.00547800  0.00108713   -0.00380935 -0.01609285    0.27720525  0.00000000

     Dynamical  Matrix in cartesian axes

     q = (   -0.833333333   0.166666667  -0.500000000 ) 

    1    1
  0.27720525  0.00000000   -0.00380935  0.01609285    0.00547800 -0.00108713
 -0.00380935 -0.01609285    0.27720525  0.00000000   -0.00547800 -0.00108713
  0.00547800  0.00108713   -0.00547800  0.00108713    0.24812992  0.00000000
    1    2
 -0.06775569 -0.00416965   -0.04688077  0.00000000    0.09253639 -0.07700836
 -0.04688077  0.00000000   -0.06775569  0.00416965   -0.09253639 -0.07700836
  0.09253639 -0.07700836   -0.09253639 -0.07700836   -0.06048485  0.00000000
    2    1
 -0.06775569  0.00416965   -0.04688077  0.00000000    0.09253639  0.07700836
 -0.04688077  0.00000000   -0.06775569 -0.00416965   -0.09253639  0.07700836
  0.09253639  0.07700836   -0.09253639  0.07700836   -0.06048485 -0.00000000
    2    2
  0.27720525  0.00000000   -0.00380935 -0.01609285    0.00547800  0.00108713
 -0.00380935  0.01609285    0.27720525  0.00000000   -0.00547800  0.00108713
  0.00547800 -0.00108713   -0.00547800 -0.00108713    0.24812992  0.00000000

     Dynamical  Matrix in cartesian axes

     q = (    0.833333333  -0.500000000   0.166666667 ) 

    1    1
  0.27720525  0.00000000   -0.00547800 -0.00108713    0.00380935  0.01609285
 -0.00547800  0.00108713    0.24812992  0.00000000   -0.00547800 -0.00108713
  0.00380935 -0.01609285   -0.00547800  0.00108713    0.27720525  0.00000000
    1    2
 -0.03748887 -0.05659333    0.02042300 -0.11864305    0.02344039  0.04059994
  0.02042300 -0.11864305   -0.03024242 -0.05238142   -0.11295939 -0.04163469
  0.02344039  0.04059994   -0.11295939 -0.04163469   -0.03026682 -0.06076298
    2    1
 -0.03748887  0.05659333    0.02042300  0.11864305    0.02344039 -0.04059994
  0.02042300  0.11864305   -0.03024242  0.05238142   -0.11295939  0.04163469
  0.02344039 -0.04059994   -0.11295939  0.04163469   -0.03026682  0.06076298
    2    2
  0.27720525  0.00000000   -0.00547800  0.00108713    0.00380935 -0.01609285
 -0.00547800 -0.00108713    0.24812992  0.00000000   -0.00547800  0.00108713
  0.00380935  0.01609285   -0.00547800 -0.00108713    0.27720525  0.00000000

     Dynamical  Matrix in cartesian axes

     q = (    0.833333333   0.500000000  -0.166666667 ) 

    1    1
  0.27720525  0.00000000    0.00547800  0.00108713   -0.00380935 -0.01609285
  0.00547800 -0.00108713    0.24812992  0.00000000   -0.00547800 -0.00108713
 -0.00380935  0.01609285   -0.00547800  0.00108713    0.27720525  0.00000000
    1    2
 -0.06775569  0.00416965    0.09253639  0.07700836   -0.04688077  0.00000000
  0.09253639  0.07700836   -0.06048485  0.00000000   -0.09253639  0.07700836
 -0.04688077  0.00000000   -0.09253639  0.07700836   -0.06775569 -0.00416965
    2    1
 -0.06775569 -0.00416965    0.09253639 -0.07700836   -0.04688077  0.00000000
  0.09253639 -0.07700836   -0.06048485  0.00000000   -0.09253639 -0.07700836
 -0.04688077  0.00000000   -0.09253639 -0.07700836   -0.06775569  0.00416965
    2    2
  0.27720525  0.00000000    0.00547800 -0.00108713   -0.00380935  0.01609285
  0.00547800  0.00108713    0.24812992  0.00000000   -0.00547800  0.00108713
 -0.00380935 -0.01609285   -0.00547800 -0.00108713    0.27720525  0.00000000

     Dynamical  Matrix in cartesian axes

     q = (   -0.833333333  -0.500000000  -0.166666667 ) 

    1    1
  0.27720525  0.00000000    0.00547800  0.00108713    0.00380935  0.01609285
  0.00547800 -0.00108713    0.24812992  0.00000000    0.00547800  0.00108713
  0.00380935 -0.01609285    0.00547800 -0.00108713    0.27720525  0.00000000
    1    2
 -0.03026682  0.06076298    0.11295939 -0.04163469    0.02344039 -0.04059994
  0.11295939 -0.04163469   -0.03024242  0.05238142   -0.02042300 -0.11864305
  0.02344039 -0.04059994   -0.02042300 -0.11864305   -0.03748887  0.05659333
    2    1
 -0.03026682 -0.06076298    0.11295939  0.04163469    0.02344039  0.04059994
  0.11295939  0.04163469   -0.03024242 -0.05238142   -0.02042300  0.11864305
  0.02344039  0.04059994   -0.02042300  0.11864305   -0.03748887 -0.05659333
    2    2
  0.27720525  0.00000000    0.00547800 -0.00108713    0.00380935 -0.01609285
  0.00547800  0.00108713    0.24812992  0.00000000    0.00547800 -0.00108713
  0.00380935  0.01609285    0.00547800  0.00108713    0.27720525  0.00000000

     Dynamical  Matrix in cartesian axes

     q = (   -0.833333333   0.500000000   0.166666667 ) 

    1    1
  0.27720525  0.00000000   -0.00547800 -0.00108713   -0.00380935 -0.01609285
 -0.00547800  0.00108713    0.24812992  0.00000000    0.00547800  0.00108713
 -0.00380935  0.01609285    0.00547800 -0.00108713    0.27720525  0.00000000
    1    2
  0.06775569 -0.00416965    0.09253639  0.07700836    0.04688077  0.00000000
  0.09253639  0.07700836    0.06048485 -0.00000000   -0.09253639  0.07700836
  0.04688077 -0.00000000   -0.09253639  0.07700836    0.06775569  0.00416965
    2    1
  0.06775569  0.00416965    0.09253639 -0.07700836    0.04688077 -0.00000000
  0.09253639 -0.07700836    0.06048485  0.00000000   -0.09253639 -0.07700836
  0.04688077  0.00000000   -0.09253639 -0.07700836    0.06775569 -0.00416965
    2    2
  0.27720525  0.00000000   -0.00547800  0.00108713   -0.00380935  0.01609285
 -0.00547800 -0.00108713    0.24812992  0.00000000    0.00547800 -0.00108713
 -0.00380935 -0.01609285    0.00547800  0.00108713    0.27720525  0.00000000

     Dynamical  Matrix in cartesian axes

     q = (    0.166666667  -0.500000000   0.833333333 ) 

    1    1
  0.27720525  0.00000000   -0.00547800  0.00108713    0.00380935 -0.01609285
 -0.00547800 -0.00108713    0.24812992  0.00000000   -0.00547800  0.00108713
  0.00380935  0.01609285   -0.00547800 -0.00108713    0.27720525  0.00000000
    1    2
 -0.03748887  0.05659333    0.02042300  0.11864305    0.02344039 -0.04059994
  0.02042300  0.11864305   -0.03024242  0.05238142   -0.11295939  0.04163469
  0.02344039 -0.04059994   -0.11295939  0.04163469   -0.03026682  0.06076298
    2    1
 -0.03748887 -0.05659333    0.02042300 -0.11864305    0.02344039  0.04059994
  0.02042300 -0.11864305   -0.03024242 -0.05238142   -0.11295939 -0.04163469
  0.02344039  0.04059994   -0.11295939 -0.04163469   -0.03026682 -0.06076298
    2    2
  0.27720525  0.00000000   -0.00547800 -0.00108713    0.00380935  0.01609285
 -0.00547800  0.00108713    0.24812992  0.00000000   -0.00547800 -0.00108713
  0.00380935 -0.01609285   -0.00547800  0.00108713    0.27720525  0.00000000

     Dynamical  Matrix in cartesian axes

     q = (   -0.166666667   0.500000000   0.833333333 ) 

    1    1
  0.27720525  0.00000000   -0.00547800  0.00108713   -0.00380935  0.01609285
 -0.00547800 -0.00108713    0.24812992  0.00000000    0.00547800 -0.00108713
 -0.00380935 -0.01609285    0.00547800  0.00108713    0.27720525  0.00000000
    1    2
  0.06775569  0.00416965    0.09253639 -0.07700836    0.04688077 -0.00000000
  0.09253639 -0.07700836    0.06048485 -0.00000000   -0.09253639 -0.07700836
  0.04688077  0.00000000   -0.09253639 -0.07700836    0.06775569 -0.00416965
    2    1
  0.06775569 -0.00416965    0.09253639  0.07700836    0.04688077  0.00000000
  0.09253639  0.07700836    0.06048485  0.00000000   -0.09253639  0.07700836
  0.04688077  0.00000000   -0.09253639  0.07700836    0.06775569  0.00416965
    2    2
  0.27720525  0.00000000   -0.00547800 -0.00108713   -0.00380935 -0.01609285
 -0.00547800  0.00108713    0.24812992  0.00000000    0.00547800  0.00108713
 -0.00380935  0.01609285    0.00547800 -0.00108713    0.27720525  0.00000000

     Dynamical  Matrix in cartesian axes

     q = (    0.166666667   0.500000000  -0.833333333 ) 

    1    1
  0.27720525  0.00000000    0.00547800 -0.00108713   -0.00380935  0.01609285
  0.00547800  0.00108713    0.24812992  0.00000000   -0.00547800  0.00108713
 -0.00380935 -0.01609285   -0.00547800 -0.00108713    0.27720525  0.00000000
    1    2
 -0.06775569 -0.00416965    0.09253639 -0.07700836   -0.04688077  0.00000000
  0.09253639 -0.07700836   -0.06048485 -0.00000000   -0.09253639 -0.07700836
 -0.04688077 -0.00000000   -0.09253639 -0.07700836   -0.06775569  0.00416965
    2    1
 -0.06775569  0.00416965    0.09253639  0.07700836   -0.04688077  0.00000000
  0.09253639  0.07700836   -0.06048485  0.00000000   -0.09253639  0.07700836
 -0.04688077  0.00000000   -0.09253639  0.07700836   -0.06775569 -0.00416965
    2    2
  0.27720525  0.00000000    0.00547800  0.00108713   -0.00380935 -0.01609285
  0.00547800 -0.00108713    0.24812992  0.00000000   -0.00547800 -0.00108713
 -0.00380935  0.01609285   -0.00547800  0.00108713    0.27720525  0.00000000

     Dynamical  Matrix in cartesian axes

     q = (   -0.166666667  -0.500000000  -0.833333333 ) 

    1    1
  0.27720525  0.00000000    0.00547800 -0.00108713    0.00380935 -0.01609285
  0.00547800  0.00108713    0.24812992  0.00000000    0.00547800 -0.00108713
  0.00380935  0.01609285    0.00547800  0.00108713    0.27720525  0.00000000
    1    2
 -0.03026682 -0.06076298    0.11295939  0.04163469    0.02344039  0.04059994
  0.11295939  0.04163469   -0.03024242 -0.05238142   -0.02042300  0.11864305
  0.02344039  0.04059994   -0.02042300  0.11864305   -0.03748887 -0.05659333
    2    1
 -0.03026682  0.06076298    0.11295939 -0.04163469    0.02344039 -0.04059994
  0.11295939 -0.04163469   -0.03024242  0.05238142   -0.02042300 -0.11864305
  0.02344039 -0.04059994   -0.02042300 -0.11864305   -0.03748887  0.05659333
    2    2
  0.27720525  0.00000000    0.00547800  0.00108713    0.00380935  0.01609285
  0.00547800 -0.00108713    0.24812992  0.00000000    0.00547800  0.00108713
  0.00380935 -0.01609285    0.00547800 -0.00108713    0.27720525  0.00000000

     Dynamical  Matrix in cartesian axes

     q = (   -0.500000000   0.833333333   0.166666667 ) 

    1    1
  0.24812992  0.00000000   -0.00547800  0.00108713   -0.00547800 -0.00108713
 -0.00547800 -0.00108713    0.27720525  0.00000000    0.00380935  0.01609285
 -0.00547800  0.00108713    0.00380935 -0.01609285    0.27720525  0.00000000
    1    2
  0.06048485 -0.00000000    0.09253639  0.07700836    0.09253639 -0.07700836
  0.09253639  0.07700836    0.06775569 -0.00416965   -0.04688077 -0.00000000
  0.09253639 -0.07700836   -0.04688077  0.00000000    0.06775569  0.00416965
    2    1
  0.06048485  0.00000000    0.09253639 -0.07700836    0.09253639  0.07700836
  0.09253639 -0.07700836    0.06775569  0.00416965   -0.04688077  0.00000000
  0.09253639  0.07700836   -0.04688077 -0.00000000    0.06775569 -0.00416965
    2    2
  0.24812992  0.00000000   -0.00547800 -0.00108713   -0.00547800  0.00108713
 -0.00547800  0.00108713    0.27720525  0.00000000    0.00380935 -0.01609285
 -0.00547800 -0.00108713    0.00380935  0.01609285    0.27720525  0.00000000

     Diagonalizing the dynamical matrix

     q = (    0.500000000  -0.166666667   0.833333333 ) 

 **************************************************************************
     freq (    1) =       5.121708 [THz] =     170.841789 [cm-1]
 ( -0.461191  0.335789 -0.147711  0.255843  0.288841 -0.062007 ) 
 ( -0.521398 -0.231509 -0.198120 -0.219140  0.295422  0.000000 ) 
     freq (    2) =       6.157650 [THz] =     205.397091 [cm-1]
 ( -0.375864 -0.074950  0.210092 -0.363890 -0.054449 -0.416641 ) 
 (  0.123023  0.362983  0.333597 -0.255474  0.420184  0.000000 ) 
     freq (    3) =       9.756767 [THz] =     325.450729 [cm-1]
 ( -0.028373 -0.288960 -0.227952  0.394824 -0.300393 -0.342946 ) 
 ( -0.236061  0.169052  0.146804 -0.431622 -0.455904  0.000000 ) 
     freq (    4) =      11.329003 [THz] =     377.894870 [cm-1]
 ( -0.034302 -0.222470 -0.236994  0.410486 -0.349631 -0.320037 ) 
 (  0.175514 -0.140941 -0.102344  0.462808  0.473989  0.000000 ) 
     freq (    5) =      13.861092 [THz] =     462.356251 [cm-1]
 (  0.426466 -0.294843  0.169998 -0.294445 -0.335510  0.055045 ) 
 ( -0.468575 -0.221909 -0.215426 -0.263038  0.339996  0.000000 ) 
     freq (    6) =      14.099691 [THz] =     470.315055 [cm-1]
 (  0.351669  0.014409 -0.216830  0.375560  0.185378  0.392040 ) 
 (  0.163356  0.311759  0.246828 -0.356562  0.433660  0.000000 ) 
 **************************************************************************
