Dynamical matrix file
--                                                                         
  1    2  2 10.2083039  0.0000000  0.0000000  0.0000000  0.0000000  0.0000000
           1  'Si  '    25598.822984527003     
    1    1      0.0000000000      0.0000000000      0.0000000000
    2    1     -0.2500000000      0.2500000000      0.2500000000

     Dynamical  Matrix in cartesian axes

     q = (   -0.333333333   0.333333333  -0.333333333 ) 

    1    1
  0.27965342 -0.00000000   -0.01649167  0.00000000    0.01649167 -0.00000000
 -0.01649167  0.00000000    0.27965342 -0.00000000   -0.01649167  0.00000000
  0.01649167 -0.00000000   -0.01649167  0.00000000    0.27965342 -0.00000000
    1    2
 -0.17584498  0.04956466   -0.06420301 -0.03741574    0.06420301  0.03741574
 -0.06420301 -0.03741574   -0.17584498  0.04956466   -0.06420301 -0.03741574
  0.06420301  0.03741574   -0.06420301 -0.03741574   -0.17584498  0.04956466
    2    1
 -0.17584498 -0.04956466   -0.06420301  0.03741574    0.06420301 -0.03741574
 -0.06420301  0.03741574   -0.17584498 -0.04956466   -0.06420301  0.03741574
  0.06420301 -0.03741574   -0.06420301  0.03741574   -0.17584498 -0.04956466
    2    2
  0.27965342  0.00000000   -0.01649167 -0.00000000    0.01649167  0.00000000
 -0.01649167 -0.00000000    0.27965342  0.00000000   -0.01649167 -0.00000000
  0.01649167  0.00000000   -0.01649167 -0.00000000    0.27965342  0.00000000

     Dynamical  Matrix in cartesian axes

     q = (    0.333333333   0.333333333   0.333333333 ) 

    1    1
  0.27965342 -0.00000000    0.01649167 -0.00000000    0.01649167 -0.00000000
  0.01649167 -0.00000000    0.27965342 -0.00000000    0.01649167 -0.00000000
  0.01649167 -0.00000000    0.01649167 -0.00000000    0.27965342 -0.00000000
    1    2
 -0.17584498  0.04956466    0.06420301  0.03741574    0.06420301  0.03741574
  0.06420301  0.03741574   -0.17584498  0.04956466    0.06420301  0.03741574
  0.06420301  0.03741574    0.06420301  0.03741574   -0.17584498  0.04956466
    2    1
 -0.17584498 -0.04956466    0.06420301 -0.03741574    0.06420301 -0.03741574
  0.06420301 -0.03741574   -0.17584498 -0.04956466    0.06420301 -0.03741574
  0.06420301 -0.03741574    0.06420301 -0.03741574   -0.17584498 -0.04956466
    2    2
  0.27965342  0.00000000    0.01649167  0.00000000    0.01649167  0.00000000
  0.01649167  0.00000000    0.27965342  0.00000000    0.01649167  0.00000000
  0.01649167  0.00000000    0.01649167  0.00000000    0.27965342  0.00000000

     Dynamical  Matrix in cartesian axes

     q = (   -0.333333333  -0.333333333  -0.333333333 ) 

    1    1
  0.27965342  0.00000000    0.01649167  0.00000000    0.01649167  0.00000000
  0.01649167  0.00000000    0.27965342  0.00000000    0.01649167  0.00000000
  0.01649167  0.00000000    0.01649167  0.00000000    0.27965342  0.00000000
    1    2
 -0.17584498 -0.04956466    0.06420301 -0.03741574    0.06420301 -0.03741574
  0.06420301 -0.03741574   -0.17584498 -0.04956466    0.06420301 -0.03741574
  0.06420301 -0.03741574    0.06420301 -0.03741574   -0.17584498 -0.04956466
    2    1
 -0.17584498  0.04956466    0.06420301  0.03741574    0.06420301  0.03741574
  0.06420301  0.03741574   -0.17584498  0.04956466    0.06420301  0.03741574
  0.06420301  0.03741574    0.06420301  0.03741574   -0.17584498  0.04956466
    2    2
  0.27965342 -0.00000000    0.01649167 -0.00000000    0.01649167 -0.00000000
  0.01649167 -0.00000000    0.27965342 -0.00000000    0.01649167 -0.00000000
  0.01649167 -0.00000000    0.01649167 -0.00000000    0.27965342 -0.00000000

     Dynamical  Matrix in cartesian axes

     q = (    0.333333333  -0.333333333   0.333333333 ) 

    1    1
  0.27965342  0.00000000   -0.01649167 -0.00000000    0.01649167  0.00000000
 -0.01649167 -0.00000000    0.27965342  0.00000000   -0.01649167 -0.00000000
  0.01649167  0.00000000   -0.01649167 -0.00000000    0.27965342  0.00000000
    1    2
 -0.17584498 -0.04956466   -0.06420301  0.03741574    0.06420301 -0.03741574
 -0.06420301  0.03741574   -0.17584498 -0.04956466   -0.06420301  0.03741574
  0.06420301 -0.03741574   -0.06420301  0.03741574   -0.17584498 -0.04956466
    2    1
 -0.17584498  0.04956466   -0.06420301 -0.03741574    0.06420301  0.03741574
 -0.06420301 -0.03741574   -0.17584498  0.04956466   -0.06420301 -0.03741574
  0.06420301  0.03741574   -0.06420301 -0.03741574   -0.17584498  0.04956466
    2    2
  0.27965342 -0.00000000   -0.01649167  0.00000000    0.01649167 -0.00000000
 -0.01649167  0.00000000    0.27965342 -0.00000000   -0.01649167  0.00000000
  0.01649167 -0.00000000   -0.01649167  0.00000000    0.27965342 -0.00000000

     Dynamical  Matrix in cartesian axes

     q = (    0.333333333  -0.333333333  -0.333333333 ) 

    1    1
  0.27965342 -0.00000000   -0.01649167  0.00000000   -0.01649167  0.00000000
 -0.01649167  0.00000000    0.27965342 -0.00000000    0.01649167 -0.00000000
 -0.01649167  0.00000000    0.01649167 -0.00000000    0.27965342 -0.00000000
    1    2
  0.04499824 -0.17706855    0.06450449 -0.03689357    0.06450449 -0.03689357
  0.06450449 -0.03689357    0.04499824 -0.17706855   -0.06450449  0.03689357
  0.06450449 -0.03689357   -0.06450449  0.03689357    0.04499824 -0.17706855
    2    1
  0.04499824  0.17706855    0.06450449  0.03689357    0.06450449  0.03689357
  0.06450449  0.03689357    0.04499824  0.17706855   -0.06450449 -0.03689357
  0.06450449  0.03689357   -0.06450449 -0.03689357    0.04499824  0.17706855
    2    2
  0.27965342  0.00000000   -0.01649167 -0.00000000   -0.01649167 -0.00000000
 -0.01649167 -0.00000000    0.27965342  0.00000000    0.01649167  0.00000000
 -0.01649167 -0.00000000    0.01649167  0.00000000    0.27965342  0.00000000

     Dynamical  Matrix in cartesian axes

     q = (    0.333333333   0.333333333  -0.333333333 ) 

    1    1
  0.27965342  0.00000000    0.01649167  0.00000000   -0.01649167 -0.00000000
  0.01649167  0.00000000    0.27965342  0.00000000   -0.01649167 -0.00000000
 -0.01649167 -0.00000000   -0.01649167 -0.00000000    0.27965342  0.00000000
    1    2
 -0.17584498 -0.04956466    0.06420301 -0.03741574   -0.06420301  0.03741574
  0.06420301 -0.03741574   -0.17584498 -0.04956466   -0.06420301  0.03741574
 -0.06420301  0.03741574   -0.06420301  0.03741574   -0.17584498 -0.04956466
    2    1
 -0.17584498  0.04956466    0.06420301  0.03741574   -0.06420301 -0.03741574
  0.06420301  0.03741574   -0.17584498  0.04956466   -0.06420301 -0.03741574
 -0.06420301 -0.03741574   -0.06420301 -0.03741574   -0.17584498  0.04956466
    2    2
  0.27965342 -0.00000000    0.01649167 -0.00000000   -0.01649167  0.00000000
  0.01649167 -0.00000000    0.27965342 -0.00000000   -0.01649167  0.00000000
 -0.01649167  0.00000000   -0.01649167  0.00000000    0.27965342 -0.00000000

     Dynamical  Matrix in cartesian axes

     q = (   -0.333333333  -0.333333333   0.333333333 ) 

    1    1
  0.27965342 -0.00000000    0.01649167 -0.00000000   -0.01649167  0.00000000
  0.01649167 -0.00000000    0.27965342 -0.00000000   -0.01649167  0.00000000
 -0.01649167  0.00000000   -0.01649167  0.00000000    0.27965342 -0.00000000
    1    2
 -0.17584498  0.04956466    0.06420301  0.03741574   -0.06420301 -0.03741574
  0.06420301  0.03741574   -0.17584498  0.04956466   -0.06420301 -0.03741574
 -0.06420301 -0.03741574   -0.06420301 -0.03741574   -0.17584498  0.04956466
    2    1
 -0.17584498 -0.04956466    0.06420301 -0.03741574   -0.06420301  0.03741574
  0.06420301 -0.03741574   -0.17584498 -0.04956466   -0.06420301  0.03741574
 -0.06420301  0.03741574   -0.06420301  0.03741574   -0.17584498 -0.04956466
    2    2
  0.27965342  0.00000000    0.01649167  0.00000000   -0.01649167 -0.00000000
  0.01649167  0.00000000    0.27965342  0.00000000   -0.01649167 -0.00000000
 -0.01649167 -0.00000000   -0.01649167 -0.00000000    0.27965342  0.00000000

     Dynamical  Matrix in cartesian axes

     q = (   -0.333333333   0.333333333   0.333333333 ) 

    1    1
  0.27965342  0.00000000   -0.01649167 -0.00000000   -0.01649167 -0.00000000
 -0.01649167 -0.00000000    0.27965342  0.00000000    0.01649167  0.00000000
 -0.01649167 -0.00000000    0.01649167  0.00000000    0.27965342  0.00000000
    1    2
  0.04499824  0.17706855    0.06450449  0.03689357    0.06450449  0.03689357
  0.06450449  0.03689357    0.04499824  0.17706855   -0.06450449 -0.03689357
  0.06450449  0.03689357   -0.06450449 -0.03689357    0.04499824  0.17706855
    2    1
  0.04499824 -0.17706855    0.06450449 -0.03689357    0.06450449 -0.03689357
  0.06450449 -0.03689357    0.04499824 -0.17706855   -0.06450449  0.03689357
  0.06450449 -0.03689357   -0.06450449  0.03689357    0.04499824 -0.17706855
    2    2
  0.27965342 -0.00000000   -0.01649167  0.00000000   -0.01649167  0.00000000
 -0.01649167  0.00000000    0.27965342 -0.00000000    0.01649167 -0.00000000
 -0.01649167  0.00000000    0.01649167 -0.00000000    0.27965342 -0.00000000

     Diagonalizing the dynamical matrix

     q = (   -0.333333333   0.333333333  -0.333333333 ) 

 **************************************************************************
     freq (    1) =       3.105236 [THz] =     103.579519 [cm-1]
 (  0.008594  0.499953  0.023440  0.499202  0.014846 -0.000751 ) 
 ( -0.016687  0.499749 -0.001822  0.499749  0.014865  0.000000 ) 
     freq (    2) =       3.105236 [THz] =     103.579519 [cm-1]
 (  0.288623 -0.001720 -0.287798  0.027453 -0.576421  0.029173 ) 
 (  0.288341  0.012871 -0.288818  0.012871 -0.577159  0.000000 ) 
     freq (    3) =       8.711636 [THz] =     290.588905 [cm-1]
 (  0.145468 -0.381452 -0.145468  0.381452  0.145468 -0.381452 ) 
 (  0.408248  0.000000 -0.408248  0.000000  0.408248  0.000000 ) 
     freq (    4) =      13.728439 [THz] =     457.931447 [cm-1]
 ( -0.145468  0.381452  0.145468 -0.381452 -0.145468  0.381452 ) 
 (  0.408248  0.000000 -0.408248  0.000000  0.408248 -0.000000 ) 
     freq (    5) =      14.590564 [THz] =     486.688844 [cm-1]
 ( -0.226135 -0.046286  0.342284 -0.075054  0.568420 -0.028768 ) 
 (  0.223507  0.057657 -0.345641  0.057657 -0.569147  0.000000 ) 
     freq (    6) =      14.590564 [THz] =     486.688844 [cm-1]
 ( -0.389258  0.358514 -0.292404  0.353612  0.096854 -0.004902 ) 
 (  0.406881 -0.338380  0.309904 -0.338380 -0.096978  0.000000 ) 
 **************************************************************************
