Dynamical matrix file
--                                                                         
  1    2  2 10.2083039  0.0000000  0.0000000  0.0000000  0.0000000  0.0000000
           1  'Si  '    25598.822984527003     
    1    1      0.0000000000      0.0000000000      0.0000000000
    2    1     -0.2500000000      0.2500000000      0.2500000000

     Dynamical  Matrix in cartesian axes

     q = (    0.000000000   0.666666667   0.000000000 ) 

    1    1
  0.24546780  0.00000000    0.00000000  0.00000000   -0.00000000  0.00000000
  0.00000000  0.00000000    0.33283546  0.00000000   -0.00000000  0.00000000
 -0.00000000  0.00000000   -0.00000000  0.00000000    0.24546780  0.00000000
    1    2
 -0.06071516  0.10516173   -0.00000000  0.00000000    0.14324187  0.08270073
 -0.00000000  0.00000000   -0.06754976  0.11699962    0.00000000  0.00000000
  0.14324187  0.08270073    0.00000000  0.00000000   -0.06071516  0.10516173
    2    1
 -0.06071516 -0.10516173    0.00000000  0.00000000    0.14324187 -0.08270073
  0.00000000  0.00000000   -0.06754976 -0.11699962   -0.00000000  0.00000000
  0.14324187 -0.08270073    0.00000000  0.00000000   -0.06071516 -0.10516173
    2    2
  0.24546780  0.00000000    0.00000000  0.00000000    0.00000000  0.00000000
  0.00000000  0.00000000    0.33283546  0.00000000    0.00000000  0.00000000
  0.00000000  0.00000000    0.00000000  0.00000000    0.24546780  0.00000000

     Dynamical  Matrix in cartesian axes

     q = (    0.666666667   0.000000000   0.000000000 ) 

    1    1
  0.33283546  0.00000000    0.00000000  0.00000000    0.00000000  0.00000000
  0.00000000  0.00000000    0.24546780  0.00000000    0.00000000  0.00000000
  0.00000000  0.00000000    0.00000000  0.00000000    0.24546780  0.00000000
    1    2
 -0.06754976 -0.11699962    0.00000000  0.00000000    0.00000000  0.00000000
  0.00000000  0.00000000   -0.06071516 -0.10516173   -0.14324187  0.08270073
 -0.00000000  0.00000000   -0.14324187  0.08270073   -0.06071516 -0.10516173
    2    1
 -0.06754976  0.11699962    0.00000000  0.00000000    0.00000000  0.00000000
 -0.00000000  0.00000000   -0.06071516  0.10516173   -0.14324187 -0.08270073
 -0.00000000  0.00000000   -0.14324187 -0.08270073   -0.06071516  0.10516173
    2    2
  0.33283546  0.00000000    0.00000000  0.00000000   -0.00000000  0.00000000
  0.00000000  0.00000000    0.24546780  0.00000000    0.00000000  0.00000000
 -0.00000000  0.00000000    0.00000000  0.00000000    0.24546780  0.00000000

     Dynamical  Matrix in cartesian axes

     q = (    0.000000000   0.000000000   0.666666667 ) 

    1    1
  0.24546780  0.00000000   -0.00000000  0.00000000    0.00000000  0.00000000
 -0.00000000  0.00000000    0.24546780  0.00000000   -0.00000000  0.00000000
  0.00000000  0.00000000   -0.00000000  0.00000000    0.33283546  0.00000000
    1    2
 -0.06071516  0.10516173    0.14324187  0.08270073   -0.00000000  0.00000000
  0.14324187  0.08270073   -0.06071516  0.10516173    0.00000000  0.00000000
  0.00000000  0.00000000    0.00000000  0.00000000   -0.06754976  0.11699962
    2    1
 -0.06071516 -0.10516173    0.14324187 -0.08270073   -0.00000000  0.00000000
  0.14324187 -0.08270073   -0.06071516 -0.10516173    0.00000000  0.00000000
 -0.00000000  0.00000000    0.00000000  0.00000000   -0.06754976 -0.11699962
    2    2
  0.24546780  0.00000000   -0.00000000  0.00000000    0.00000000  0.00000000
  0.00000000  0.00000000    0.24546780  0.00000000    0.00000000  0.00000000
 -0.00000000  0.00000000   -0.00000000  0.00000000    0.33283546  0.00000000

     Dynamical  Matrix in cartesian axes

     q = (    0.000000000  -0.666666667   0.000000000 ) 

    1    1
  0.24546780  0.00000000    0.00000000  0.00000000    0.00000000  0.00000000
  0.00000000  0.00000000    0.33283546  0.00000000    0.00000000  0.00000000
  0.00000000  0.00000000    0.00000000  0.00000000    0.24546780  0.00000000
    1    2
 -0.06071516 -0.10516173   -0.00000000  0.00000000    0.14324187 -0.08270073
  0.00000000  0.00000000   -0.06754976 -0.11699962   -0.00000000  0.00000000
  0.14324187 -0.08270073    0.00000000  0.00000000   -0.06071516 -0.10516173
    2    1
 -0.06071516  0.10516173   -0.00000000  0.00000000    0.14324187  0.08270073
 -0.00000000  0.00000000   -0.06754976  0.11699962    0.00000000  0.00000000
  0.14324187  0.08270073    0.00000000  0.00000000   -0.06071516  0.10516173
    2    2
  0.24546780  0.00000000    0.00000000  0.00000000    0.00000000  0.00000000
  0.00000000  0.00000000    0.33283546  0.00000000   -0.00000000  0.00000000
  0.00000000  0.00000000   -0.00000000  0.00000000    0.24546780  0.00000000

     Dynamical  Matrix in cartesian axes

     q = (   -0.666666667   0.000000000   0.000000000 ) 

    1    1
  0.33283546  0.00000000    0.00000000  0.00000000    0.00000000  0.00000000
  0.00000000  0.00000000    0.24546780  0.00000000    0.00000000  0.00000000
  0.00000000  0.00000000   -0.00000000  0.00000000    0.24546780  0.00000000
    1    2
 -0.06754976  0.11699962   -0.00000000  0.00000000    0.00000000  0.00000000
 -0.00000000  0.00000000   -0.06071516  0.10516173   -0.14324187 -0.08270073
  0.00000000  0.00000000   -0.14324187 -0.08270073   -0.06071516  0.10516173
    2    1
 -0.06754976 -0.11699962   -0.00000000  0.00000000    0.00000000  0.00000000
  0.00000000  0.00000000   -0.06071516 -0.10516173   -0.14324187  0.08270073
  0.00000000  0.00000000   -0.14324187  0.08270073   -0.06071516 -0.10516173
    2    2
  0.33283546  0.00000000    0.00000000  0.00000000    0.00000000  0.00000000
  0.00000000  0.00000000    0.24546780  0.00000000   -0.00000000  0.00000000
  0.00000000  0.00000000    0.00000000  0.00000000    0.24546780  0.00000000

     Dynamical  Matrix in cartesian axes

     q = (    0.000000000   0.000000000  -0.666666667 ) 

    1    1
  0.24546780  0.00000000    0.00000000  0.00000000    0.00000000  0.00000000
  0.00000000  0.00000000    0.24546780  0.00000000    0.00000000  0.00000000
 -0.00000000  0.00000000    0.00000000  0.00000000    0.33283546  0.00000000
    1    2
 -0.06071516 -0.10516173    0.14324187 -0.08270073   -0.00000000  0.00000000
  0.14324187 -0.08270073   -0.06071516 -0.10516173    0.00000000  0.00000000
 -0.00000000  0.00000000    0.00000000  0.00000000   -0.06754976 -0.11699962
    2    1
 -0.06071516  0.10516173    0.14324187  0.08270073   -0.00000000  0.00000000
  0.14324187  0.08270073   -0.06071516  0.10516173    0.00000000  0.00000000
  0.00000000  0.00000000    0.00000000  0.00000000   -0.06754976  0.11699962
    2    2
  0.24546780  0.00000000    0.00000000  0.00000000    0.00000000  0.00000000
  0.00000000  0.00000000    0.24546780  0.00000000    0.00000000  0.00000000
  0.00000000  0.00000000   -0.00000000  0.00000000    0.33283546  0.00000000

     Diagonalizing the dynamical matrix

     q = (    0.000000000   0.666666667   0.000000000 ) 

 **************************************************************************
     freq (    1) =       4.126649 [THz] =     137.650194 [cm-1]
 (  0.305405  0.344805 -0.000000  0.000000  0.421283 -0.332201 ) 
 ( -0.246550  0.660253 -0.000000  0.000000 -0.057261  0.000000 ) 
     freq (    2) =       4.126649 [THz] =     137.650194 [cm-1]
 (  0.470440  0.257921 -0.000000 -0.000000 -0.244148  0.390583 ) 
 (  0.020031 -0.053643  0.000000 -0.000000 -0.704785  0.000000 ) 
     freq (    3) =       9.143402 [THz] =     304.991075 [cm-1]
 ( -0.000000  0.000000 -0.052410 -0.705162  0.000000 -0.000000 ) 
 (  0.000000  0.000000  0.584483 -0.397970  0.000000 -0.000000 ) 
     freq (    4) =      13.803478 [THz] =     460.434449 [cm-1]
 (  0.409086  0.460203 -0.000000  0.000000  0.115902  0.327763 ) 
 (  0.327824 -0.163738  0.000000  0.000000  0.604749  0.000000 ) 
     freq (    5) =      13.803478 [THz] =     460.434449 [cm-1]
 (  0.277404 -0.209543  0.000000 -0.000000 -0.595022  0.158389 ) 
 ( -0.541019  0.270222 -0.000000 -0.000000  0.366440  0.000000 ) 
     freq (    6) =      14.065585 [THz] =     469.177409 [cm-1]
 ( -0.000000 -0.000000 -0.692423  0.143354 -0.000000 -0.000000 ) 
 ( -0.000000 -0.000000  0.470360  0.527979 -0.000000  0.000000 ) 
 **************************************************************************
